SLURM_NTASKS: 1
SLURM_NTASKS_PER_NODE: 1
SLURM_CPUS_PER_TASK: 1
 delta_t =    10.0000000000000     
 hessian: 
 
  0.5519    , -0.2650E-08, -0.1668E-03, -0.8312E-01, -0.1080E-07, -0.4415E-03, -0.2656    ,  0.2876E-06,  0.7791E-01, -0.1035    , -0.9423E-01, -0.3859E-01, -0.1035    ,  0.9423E-01, -0.3859E-01,  0.2545E-02,  0.6096E-05,  0.3281E-01,  0.5821E-03,  0.1041E-02, -0.1646E-01,  0.5871E-03, -0.1035E-02, -0.1646E-01
 -0.2650E-08,  0.5519    , -0.7829E-05, -0.4950E-08, -0.8311E-01, -0.1604E-04, -0.5550E-08, -0.4893E-01,  0.6744E-06, -0.9424E-01, -0.2118    , -0.6669E-01,  0.9424E-01, -0.2118    ,  0.6669E-01, -0.4296E-06,  0.3560E-04,  0.2558E-05,  0.9570E-03,  0.1847E-02, -0.2844E-01, -0.9535E-03,  0.1842E-02,  0.2845E-01
 -0.1668E-03, -0.7829E-05,  0.4881    , -0.4420E-03, -0.1604E-04, -0.2244    ,  0.7782E-01,  0.1524E-05, -0.7597E-01, -0.3854E-01, -0.6661E-01, -0.7527E-01, -0.3855E-01,  0.6662E-01, -0.7527E-01,  0.1619E-02,  0.8007E-06, -0.1253E-01, -0.8688E-03, -0.1438E-02, -0.1236E-01, -0.8760E-03,  0.1453E-02, -0.1236E-01
 -0.8312E-01, -0.4950E-08, -0.4420E-03,  0.5519    , -0.7400E-08, -0.1736E-03,  0.2559E-02,  0.6095E-05,  0.3280E-01,  0.5879E-03,  0.1048E-02, -0.1646E-01,  0.5929E-03, -0.1042E-02, -0.1646E-01, -0.2656    ,  0.2914E-06,  0.7791E-01, -0.1035    , -0.9423E-01, -0.3859E-01, -0.1034    ,  0.9423E-01, -0.3859E-01
 -0.1080E-07, -0.8311E-01, -0.1604E-04, -0.7400E-08,  0.5519    , -0.7829E-05,  0.1180E-07,  0.3560E-04,  0.2557E-05,  0.9570E-03,  0.1847E-02, -0.2844E-01, -0.9535E-03,  0.1842E-02,  0.2845E-01, -0.7550E-07, -0.4893E-01,  0.6697E-06, -0.9424E-01, -0.2118    , -0.6669E-01,  0.9424E-01, -0.2118    ,  0.6669E-01
 -0.4415E-03, -0.1604E-04, -0.2244    , -0.1736E-03, -0.7829E-05,  0.4881    ,  0.1615E-02,  0.8008E-06, -0.1253E-01, -0.8688E-03, -0.1438E-02, -0.1236E-01, -0.8760E-03,  0.1453E-02, -0.1236E-01,  0.7783E-01,  0.1524E-05, -0.7597E-01, -0.3854E-01, -0.6661E-01, -0.7527E-01, -0.3855E-01,  0.6662E-01, -0.7527E-01
 -0.2656    , -0.5550E-08,  0.7782E-01,  0.2559E-02,  0.1180E-07,  0.1615E-02,  0.2788    , -0.1072E-05, -0.8875E-01, -0.9236E-02,  0.3717E-02,  0.5128E-02, -0.9237E-02, -0.3717E-02,  0.5127E-02,  0.1659E-02, -0.2596E-05, -0.7851E-03,  0.5144E-03,  0.1021E-04, -0.8592E-04,  0.5108E-03, -0.1375E-04, -0.8365E-04
  0.2876E-06, -0.4893E-01,  0.1524E-05,  0.6095E-05,  0.3560E-04,  0.8008E-06, -0.1072E-05,  0.4341E-01,  0.3689E-06, -0.2305E-01,  0.1958E-02,  0.9206E-02,  0.2305E-01,  0.1958E-02, -0.9207E-02, -0.2551E-05,  0.1026E-02,  0.7334E-06,  0.4135E-03,  0.2676E-03,  0.2460E-03, -0.4170E-03,  0.2713E-03, -0.2483E-03
  0.7791E-01,  0.6744E-06, -0.7597E-01,  0.3280E-01,  0.2557E-05, -0.1253E-01, -0.8875E-01,  0.3689E-06,  0.8489E-01, -0.1042E-01,  0.1484E-03,  0.2938E-02, -0.1041E-01, -0.1491E-03,  0.2939E-02, -0.7892E-03,  0.7337E-06, -0.5871E-02, -0.1678E-03,  0.2010E-03,  0.1812E-02, -0.1653E-03, -0.2019E-03,  0.1813E-02
 -0.1035    , -0.9424E-01, -0.3854E-01,  0.5879E-03,  0.9570E-03, -0.8688E-03, -0.9236E-02, -0.2305E-01, -0.1042E-01,  0.1027    ,  0.1024    ,  0.4403E-01,  0.7579E-02,  0.1343E-01,  0.5349E-02,  0.5149E-03,  0.4135E-03, -0.1678E-03,  0.1188E-02,  0.2800E-03,  0.3613E-03,  0.1467E-03, -0.2021E-03,  0.2647E-03
 -0.9423E-01, -0.2118    , -0.6661E-01,  0.1048E-02,  0.1847E-02, -0.1438E-02,  0.3717E-02,  0.1958E-02,  0.1484E-03,  0.1024    ,  0.2204    ,  0.7603E-01, -0.1343E-01, -0.1482E-01, -0.8932E-02,  0.9203E-05,  0.2676E-03,  0.2010E-03,  0.2800E-03,  0.1506E-02,  0.6637E-03,  0.2005E-03,  0.6340E-03, -0.4788E-04
 -0.3859E-01, -0.6669E-01, -0.7527E-01, -0.1646E-01, -0.2844E-01, -0.1236E-01,  0.5128E-02,  0.9206E-02,  0.2938E-02,  0.4403E-01,  0.7603E-01,  0.8406E-01,  0.5348E-02,  0.8933E-02,  0.2890E-02, -0.8685E-04,  0.2460E-03,  0.1812E-02,  0.3614E-03,  0.6637E-03, -0.5873E-02,  0.2652E-03,  0.4497E-04,  0.1812E-02
 -0.1035    ,  0.9424E-01, -0.3855E-01,  0.5929E-03, -0.9535E-03, -0.8760E-03, -0.9237E-02,  0.2305E-01, -0.1041E-01,  0.7579E-02, -0.1343E-01,  0.5348E-02,  0.1027    , -0.1024    ,  0.4403E-01,  0.5111E-03, -0.4170E-03, -0.1653E-03,  0.1467E-03,  0.2005E-03,  0.2652E-03,  0.1188E-02, -0.2832E-03,  0.3643E-03
  0.9423E-01, -0.2118    ,  0.6662E-01, -0.1042E-02,  0.1842E-02,  0.1453E-02, -0.3717E-02,  0.1958E-02, -0.1491E-03,  0.1343E-01, -0.1482E-01,  0.8933E-02, -0.1024    ,  0.2204    , -0.7603E-01, -0.1238E-04,  0.2713E-03, -0.2019E-03, -0.2021E-03,  0.6340E-03,  0.4497E-04, -0.2832E-03,  0.1512E-02, -0.6690E-03
 -0.3859E-01,  0.6669E-01, -0.7527E-01, -0.1646E-01,  0.2845E-01, -0.1236E-01,  0.5127E-02, -0.9207E-02,  0.2939E-02,  0.5349E-02, -0.8932E-02,  0.2890E-02,  0.4403E-01, -0.7603E-01,  0.8406E-01, -0.8472E-04, -0.2483E-03,  0.1813E-02,  0.2647E-03, -0.4788E-04,  0.1812E-02,  0.3643E-03, -0.6690E-03, -0.5869E-02
  0.2545E-02, -0.4296E-06,  0.1619E-02, -0.2656    , -0.7550E-07,  0.7783E-01,  0.1659E-02, -0.2551E-05, -0.7892E-03,  0.5149E-03,  0.9203E-05, -0.8685E-04,  0.5111E-03, -0.1238E-04, -0.8472E-04,  0.2788    , -0.1064E-05, -0.8875E-01, -0.9235E-02,  0.3717E-02,  0.5127E-02, -0.9237E-02, -0.3717E-02,  0.5126E-02
  0.6096E-05,  0.3560E-04,  0.8007E-06,  0.2914E-06, -0.4893E-01,  0.1524E-05, -0.2596E-05,  0.1026E-02,  0.7337E-06,  0.4135E-03,  0.2676E-03,  0.2460E-03, -0.4170E-03,  0.2713E-03, -0.2483E-03, -0.1064E-05,  0.4341E-01,  0.3716E-06, -0.2305E-01,  0.1958E-02,  0.9207E-02,  0.2305E-01,  0.1958E-02, -0.9207E-02
  0.3281E-01,  0.2558E-05, -0.1253E-01,  0.7791E-01,  0.6697E-06, -0.7597E-01, -0.7851E-03,  0.7334E-06, -0.5871E-02, -0.1678E-03,  0.2010E-03,  0.1812E-02, -0.1653E-03, -0.2019E-03,  0.1813E-02, -0.8875E-01,  0.3716E-06,  0.8489E-01, -0.1042E-01,  0.1484E-03,  0.2938E-02, -0.1041E-01, -0.1491E-03,  0.2939E-02
  0.5821E-03,  0.9570E-03, -0.8688E-03, -0.1035    , -0.9424E-01, -0.3854E-01,  0.5144E-03,  0.4135E-03, -0.1678E-03,  0.1188E-02,  0.2800E-03,  0.3614E-03,  0.1467E-03, -0.2021E-03,  0.2647E-03, -0.9235E-02, -0.2305E-01, -0.1042E-01,  0.1027    ,  0.1024    ,  0.4403E-01,  0.7579E-02,  0.1343E-01,  0.5349E-02
  0.1041E-02,  0.1847E-02, -0.1438E-02, -0.9423E-01, -0.2118    , -0.6661E-01,  0.1021E-04,  0.2676E-03,  0.2010E-03,  0.2800E-03,  0.1506E-02,  0.6637E-03,  0.2005E-03,  0.6340E-03, -0.4788E-04,  0.3717E-02,  0.1958E-02,  0.1484E-03,  0.1024    ,  0.2204    ,  0.7603E-01, -0.1343E-01, -0.1482E-01, -0.8932E-02
 -0.1646E-01, -0.2844E-01, -0.1236E-01, -0.3859E-01, -0.6669E-01, -0.7527E-01, -0.8592E-04,  0.2460E-03,  0.1812E-02,  0.3613E-03,  0.6637E-03, -0.5873E-02,  0.2652E-03,  0.4497E-04,  0.1812E-02,  0.5127E-02,  0.9207E-02,  0.2938E-02,  0.4403E-01,  0.7603E-01,  0.8406E-01,  0.5348E-02,  0.8933E-02,  0.2890E-02
  0.5871E-03, -0.9535E-03, -0.8760E-03, -0.1034    ,  0.9424E-01, -0.3855E-01,  0.5108E-03, -0.4170E-03, -0.1653E-03,  0.1467E-03,  0.2005E-03,  0.2652E-03,  0.1188E-02, -0.2832E-03,  0.3643E-03, -0.9237E-02,  0.2305E-01, -0.1041E-01,  0.7579E-02, -0.1343E-01,  0.5348E-02,  0.1027    , -0.1024    ,  0.4403E-01
 -0.1035E-02,  0.1842E-02,  0.1453E-02,  0.9423E-01, -0.2118    ,  0.6662E-01, -0.1375E-04,  0.2713E-03, -0.2019E-03, -0.2021E-03,  0.6340E-03,  0.4497E-04, -0.2832E-03,  0.1512E-02, -0.6690E-03, -0.3717E-02,  0.1958E-02, -0.1491E-03,  0.1343E-01, -0.1482E-01,  0.8933E-02, -0.1024    ,  0.2204    , -0.7603E-01
 -0.1646E-01,  0.2845E-01, -0.1236E-01, -0.3859E-01,  0.6669E-01, -0.7527E-01, -0.8365E-04, -0.2483E-03,  0.1813E-02,  0.2647E-03, -0.4788E-04,  0.1812E-02,  0.3643E-03, -0.6690E-03, -0.5869E-02,  0.5126E-02, -0.9207E-02,  0.2939E-02,  0.5349E-02, -0.8932E-02,  0.2890E-02,  0.4403E-01, -0.7603E-01,  0.8406E-01
 
 eigenvalues_full: 
 
 -0.9216E-05
 -0.4951E-05
 -0.7739E-06
 -0.1190E-08
 -0.9286E-09
 -0.2511E-09
  0.2944E-02
  0.3270E-01
  0.3271E-01
  0.5865E-01
  0.7832E-01
  0.7833E-01
  0.1018    
  0.1018    
  0.1409    
  0.1410    
  0.1560    
  0.2547    
  0.4790    
  0.7531    
  0.7531    
  0.7726    
  0.8444    
  0.8445    
 
 eigenvectors: 
 
  0.9438E-03,  0.2178    , -0.1914E-03,  0.2128E-01, -0.2393    , -0.2583    , -0.2146E-05, -0.1737E-02, -0.1598    , -0.3067E-03,  0.1056E-02, -0.2823E-01, -0.3996E-01, -0.2095    ,  0.1023E-03,  0.3028    ,  0.1197E-02, -0.6687E-03,  0.1403E-02,  0.1647    ,  0.5261    ,  0.1800E-02, -0.4950E-01, -0.5985    
  0.2023    , -0.7639E-03,  0.7728E-01,  0.1351    , -0.2340    ,  0.2280    , -0.1303E-04,  0.1598    , -0.1738E-02, -0.3833E-05, -0.2828E-01, -0.1063E-02, -0.2095    ,  0.3995E-01, -0.3028    ,  0.1044E-03,  0.1043E-04,  0.5885E-05,  0.5954E-04,  0.5262    , -0.1647    , -0.9271E-04,  0.5985    , -0.4949E-01
  0.1149E-04, -0.7045E-03, -0.1191E-04, -0.3261    , -0.1127    ,  0.7751E-01,  0.1967E-05,  0.2458E-05,  0.5244E-03, -0.7500E-01, -0.5735E-05,  0.8974E-04,  0.1247E-03,  0.6727E-03, -0.6181E-05, -0.9244E-03,  0.3844    , -0.2242    ,  0.4766    , -0.5823E-03, -0.1643E-02,  0.6664    ,  0.2245E-03,  0.1455E-02
 -0.9035E-03, -0.2153    ,  0.3089E-03,  0.2141E-01, -0.2403    , -0.2594    , -0.2127E-05, -0.1737E-02, -0.1598    ,  0.3074E-03, -0.1056E-02,  0.2823E-01, -0.3996E-01, -0.2095    , -0.1023E-03, -0.3028    ,  0.1204E-02,  0.6638E-03,  0.1426E-02,  0.1647    ,  0.5262    , -0.1639E-02,  0.4949E-01,  0.5984    
 -0.2023    ,  0.7766E-03, -0.7735E-01,  0.1351    , -0.2340    ,  0.2279    , -0.1310E-04,  0.1598    , -0.1738E-02,  0.3909E-05,  0.2828E-01,  0.1063E-02, -0.2095    ,  0.3995E-01,  0.3028    , -0.1045E-03,  0.1061E-04, -0.6223E-05,  0.5928E-04,  0.5262    , -0.1647    ,  0.9564E-04, -0.5985    ,  0.4950E-01
  0.2305E-04,  0.6596E-03, -0.1865E-04, -0.3261    , -0.1127    ,  0.7751E-01,  0.1967E-05,  0.2416E-05,  0.5201E-03,  0.7499E-01,  0.5575E-05, -0.8695E-04,  0.1246E-03,  0.6718E-03,  0.6157E-05,  0.9312E-03,  0.3844    ,  0.2242    ,  0.4766    , -0.5213E-03, -0.1460E-02, -0.6664    , -0.2260E-03, -0.1472E-02
  0.1426E-02,  0.3317    , -0.3276E-03,  0.2125E-01, -0.2390    , -0.2580    ,  0.1409E-05,  0.5114E-03,  0.4707E-01, -0.1111    , -0.3828E-02,  0.1020    , -0.5787E-01, -0.3036    ,  0.1298E-03,  0.3566    , -0.3181    ,  0.3760    ,  0.2558    , -0.9938E-01, -0.3174    ,  0.1141    ,  0.2426E-01,  0.2931    
  0.4536    , -0.2226E-02, -0.2637    ,  0.1351    , -0.2340    ,  0.2279    , -0.4082    , -0.6108E-01,  0.6631E-03,  0.1820E-05, -0.4229    , -0.1589E-01,  0.4430    , -0.8447E-01,  0.2111    , -0.7064E-04,  0.5479E-05, -0.9726E-05, -0.2810E-05, -0.3294E-01,  0.1032E-01,  0.5234E-05, -0.3225E-01,  0.2673E-02
  0.1250E-02,  0.2902    , -0.3493E-03, -0.3261    , -0.1120    ,  0.7826E-01,  0.1924E-06,  0.6051E-02,  0.5571    , -0.3903    , -0.1422E-01,  0.3783    , -0.1202E-01, -0.6302E-01, -0.1084E-03, -0.3171    , -0.1272    , -0.9267E-01, -0.1597    ,  0.4104E-01,  0.1310    , -0.7511E-01, -0.6027E-02, -0.7272E-01
  0.1269    ,  0.3295    , -0.3308    ,  0.2127E-01, -0.2390    , -0.2581    , -0.3536    ,  0.8928E-02,  0.5624E-01,  0.5365E-01,  0.2367    , -0.2841    , -0.2741    ,  0.3181    , -0.2471    , -0.6829E-01,  0.1585    , -0.1884    , -0.1286    , -0.1564    , -0.6563E-01, -0.5726E-01, -0.1052    ,  0.1071    
  0.2350    , -0.6328E-03,  0.3083    ,  0.1351    , -0.2340    ,  0.2280    ,  0.2041    , -0.4940E-01, -0.6265E-02,  0.9520E-01, -0.3866E-01,  0.2256    , -0.1784    , -0.3009    , -0.2153    ,  0.2463    ,  0.2752    , -0.3258    , -0.2220    , -0.2852    , -0.4614E-01, -0.9880E-01, -0.2188    ,  0.1320    
 -0.2366    , -0.1458    , -0.8885E-01, -0.3260    , -0.1130    ,  0.7710E-01,  0.1124E-02,  0.4795    , -0.2840    , -0.3910    , -0.3215    , -0.2006    ,  0.6230E-01,  0.2042E-01, -0.2727    ,  0.1582    , -0.1286    , -0.9086E-01, -0.1585    , -0.1325    , -0.2957E-01, -0.7455E-01, -0.5896E-01,  0.4080E-01
 -0.1241    ,  0.3313    ,  0.3302    ,  0.2125E-01, -0.2390    , -0.2580    ,  0.3536    , -0.7697E-02,  0.5642E-01,  0.5366E-01, -0.2147    , -0.3011    ,  0.3719    ,  0.1949    ,  0.2471    , -0.6846E-01,  0.1585    , -0.1884    , -0.1286    ,  0.9106E-01, -0.1431    , -0.5730E-01,  0.1214    ,  0.8832E-01
  0.2350    , -0.6365E-03,  0.3083    ,  0.1351    , -0.2340    ,  0.2280    ,  0.2041    , -0.4926E-01,  0.7329E-02, -0.9520E-01, -0.2163E-01, -0.2279    , -0.5514E-01,  0.3454    , -0.2155    , -0.2462    , -0.2752    ,  0.3258    ,  0.2219    , -0.2080    ,  0.2006    ,  0.9887E-01, -0.2374    , -0.9428E-01
  0.2354    , -0.1476    ,  0.8917E-01, -0.3260    , -0.1130    ,  0.7715E-01, -0.1126E-02, -0.4856    , -0.2735    , -0.3910    ,  0.3357    , -0.1759    , -0.5041E-01,  0.4192E-01,  0.2729    ,  0.1580    , -0.1286    , -0.9088E-01, -0.1585    ,  0.9202E-01, -0.9987E-01, -0.7457E-01,  0.6483E-01,  0.3056E-01
 -0.1386E-02, -0.3292    ,  0.4450E-03,  0.2144E-01, -0.2406    , -0.2598    ,  0.1436E-05,  0.5114E-03,  0.4707E-01,  0.1111    ,  0.3828E-02, -0.1020    , -0.5787E-01, -0.3036    , -0.1298E-03, -0.3565    , -0.3181    , -0.3760    ,  0.2558    , -0.9939E-01, -0.3174    , -0.1142    , -0.2426E-01, -0.2931    
 -0.4536    ,  0.2240E-02,  0.2636    ,  0.1351    , -0.2341    ,  0.2280    , -0.4082    , -0.6107E-01,  0.6630E-03, -0.1862E-05,  0.4229    ,  0.1589E-01,  0.4430    , -0.8447E-01, -0.2111    ,  0.7047E-04,  0.5523E-05,  0.9695E-05, -0.2807E-05, -0.3294E-01,  0.1032E-01, -0.5419E-05,  0.3225E-01, -0.2673E-02
 -0.1216E-02, -0.2902    ,  0.3188E-03, -0.3259    , -0.1134    ,  0.7674E-01,  0.2262E-06,  0.6051E-02,  0.5571    ,  0.3903    ,  0.1422E-01, -0.3783    , -0.1201E-01, -0.6300E-01,  0.1084E-03,  0.3171    , -0.1272    ,  0.9267E-01, -0.1597    ,  0.4103E-01,  0.1310    ,  0.7515E-01,  0.6026E-02,  0.7270E-01
 -0.1269    , -0.3270    ,  0.3310    ,  0.2144E-01, -0.2406    , -0.2597    , -0.3535    ,  0.8928E-02,  0.5624E-01, -0.5366E-01, -0.2367    ,  0.2841    , -0.2741    ,  0.3181    ,  0.2471    ,  0.6829E-01,  0.1585    ,  0.1884    , -0.1286    , -0.1564    , -0.6566E-01,  0.5723E-01,  0.1052    , -0.1070    
 -0.2350    ,  0.6446E-03, -0.3084    ,  0.1351    , -0.2341    ,  0.2279    ,  0.2041    , -0.4940E-01, -0.6269E-02, -0.9520E-01,  0.3866E-01, -0.2256    , -0.1784    , -0.3009    ,  0.2153    , -0.2463    ,  0.2752    ,  0.3258    , -0.2220    , -0.2852    , -0.4620E-01,  0.9876E-01,  0.2188    , -0.1320    
  0.2366    ,  0.1457    ,  0.8882E-01, -0.3261    , -0.1123    ,  0.7791E-01,  0.1124E-02,  0.4795    , -0.2840    ,  0.3910    ,  0.3215    ,  0.2006    ,  0.6230E-01,  0.2042E-01,  0.2727    , -0.1582    , -0.1286    ,  0.9085E-01, -0.1585    , -0.1325    , -0.2960E-01,  0.7453E-01,  0.5896E-01, -0.4079E-01
  0.1241    , -0.3288    , -0.3301    ,  0.2146E-01, -0.2406    , -0.2598    ,  0.3535    , -0.7697E-02,  0.5642E-01, -0.5366E-01,  0.2147    ,  0.3011    ,  0.3719    ,  0.1950    , -0.2471    ,  0.6845E-01,  0.1585    ,  0.1884    , -0.1286    ,  0.9105E-01, -0.1431    ,  0.5727E-01, -0.1214    , -0.8830E-01
 -0.2350    ,  0.6509E-03, -0.3084    ,  0.1351    , -0.2341    ,  0.2279    ,  0.2041    , -0.4926E-01,  0.7333E-02,  0.9520E-01,  0.2163E-01,  0.2279    , -0.5513E-01,  0.3454    ,  0.2155    ,  0.2462    , -0.2752    , -0.3258    ,  0.2219    , -0.2080    ,  0.2006    , -0.9883E-01,  0.2374    ,  0.9425E-01
 -0.2353    ,  0.1475    , -0.8920E-01, -0.3261    , -0.1123    ,  0.7787E-01, -0.1126E-02, -0.4856    , -0.2736    ,  0.3910    , -0.3356    ,  0.1759    , -0.5041E-01,  0.4191E-01, -0.2729    , -0.1580    , -0.1286    ,  0.9087E-01, -0.1585    ,  0.9201E-01, -0.9990E-01,  0.7455E-01, -0.6483E-01, -0.3055E-01
 
 delta(i,j): 
 
   1.000    ,  0.9714E-16, -0.2914E-15, -0.1110E-15, -0.7980E-16, -0.8674E-16, -0.5150E-17,   0.000    , -0.9714E-16,  0.4163E-16, -0.6939E-16,  0.1943E-15, -0.1440E-15,  0.2255E-16,  0.2359E-15, -0.6939E-17,  0.1943E-15, -0.1388E-16,  0.1943E-15, -0.2637E-15,  0.1214E-15,  0.2845E-15, -0.7633E-16, -0.6245E-16
  0.9714E-16,   1.000    , -0.6765E-16, -0.1596E-15,  0.3539E-15, -0.9541E-16,  0.5594E-16,  0.5551E-16, -0.2914E-15,  0.2776E-16, -0.8327E-16,  0.4510E-16, -0.8500E-16, -0.1249E-15,  0.2776E-16,  0.2602E-15,  0.2255E-15, -0.6072E-16, -0.5204E-16,  0.6072E-16,  0.3001E-15,  0.1370E-15, -0.8674E-17,  0.1422E-15
 -0.2914E-15, -0.6765E-16,   1.000    ,  0.1041E-15, -0.7286E-16, -0.2333E-15, -0.1833E-15,  0.5551E-16, -0.6939E-17,  0.7633E-16,  0.2255E-15, -0.3469E-16,  0.2507E-15,  0.1002E-15,  0.1978E-15, -0.6418E-16, -0.1874E-15, -0.1197E-15,  0.9021E-16,  0.1318E-15,  0.5204E-17, -0.1180E-15,  0.5464E-16, -0.8674E-17
 -0.1110E-15, -0.1596E-15,  0.1041E-15,   1.000    ,  0.2290E-15, -0.1735E-16, -0.1676E-15, -0.1943E-15, -0.2776E-15,  0.8327E-16, -0.8327E-16, -0.9714E-16,  0.2602E-15,  0.7459E-16,  0.1804E-15,  0.8327E-16, -0.2082E-16, -0.1110E-15,  0.3123E-15,  0.9368E-16, -0.1249E-15,  0.8674E-16, -0.6592E-16,  0.8500E-16
 -0.7980E-16,  0.3539E-15, -0.7286E-16,  0.2290E-15,   1.000    ,  0.3816E-16, -0.1121E-15, -0.2082E-16, -0.1978E-15,  0.6939E-16,  0.4163E-16,  0.4857E-16, -0.2082E-16,  0.1214E-16,  0.6245E-16, -0.2984E-15,  0.1301E-15, -0.4684E-16,  0.3400E-15, -0.2394E-15, -0.1596E-15,  0.3591E-15,  0.4857E-16, -0.2602E-17
 -0.8674E-16, -0.9541E-16, -0.2333E-15, -0.1735E-16,  0.3816E-16,   1.000    , -0.1353E-15,  0.1665E-15, -0.1353E-15, -0.5551E-16,  0.1735E-16,  0.1041E-16,  0.1735E-17, -0.1418E-15, -0.1249E-15,  0.1769E-15, -0.3990E-16,  0.1743E-15,  0.5551E-16, -0.8413E-16,  0.1527E-15, -0.2229E-15,  0.6939E-16, -0.1084E-15
 -0.5150E-17,  0.5594E-16, -0.1833E-15, -0.1676E-15, -0.1121E-15, -0.1353E-15,   1.000    ,  0.2689E-16, -0.2765E-17,  0.1014E-15, -0.2610E-15,  0.2374E-16, -0.2707E-15,  0.1302E-15,  0.7763E-16,  0.1839E-15, -0.4852E-17,  0.7791E-16,  0.3659E-17,  0.1505E-15, -0.2246E-16,  0.1412E-15,  0.1381E-16,  0.5116E-17
   0.000    ,  0.5551E-16,  0.5551E-16, -0.1943E-15, -0.2082E-16,  0.1665E-15,  0.2689E-16,   1.000    , -0.1110E-15, -0.2220E-15, -0.5551E-16, -0.9714E-16, -0.1457E-15, -0.6939E-17,  0.5551E-16,  0.3192E-15,  0.1110E-15, -0.5551E-16,  0.6939E-16,   0.000    , -0.4163E-16,  0.2845E-15,  0.1388E-16,  0.1527E-15
 -0.9714E-16, -0.2914E-15, -0.6939E-17, -0.2776E-15, -0.1978E-15, -0.1353E-15, -0.2765E-17, -0.1110E-15,   1.000    ,   0.000    ,   0.000    ,  0.2845E-15, -0.1527E-15, -0.7633E-16,  0.2498E-15, -0.6245E-16,  0.5551E-16, -0.5898E-16, -0.2776E-16, -0.3469E-16,  0.2776E-16,  0.1353E-15,  0.9021E-16, -0.1388E-16
  0.4163E-16,  0.2776E-16,  0.7633E-16,  0.8327E-16,  0.6939E-16, -0.5551E-16,  0.1014E-15, -0.2220E-15,   0.000    ,   1.000    , -0.2776E-15,  0.8327E-16,  0.7286E-16, -0.5586E-15, -0.1388E-16, -0.1110E-15, -0.3469E-15,  0.1388E-16, -0.3192E-15,  0.8327E-16,  0.2776E-16, -0.9714E-16, -0.1041E-15,  0.1457E-15
 -0.6939E-16, -0.8327E-16,  0.2255E-15, -0.8327E-16,  0.4163E-16,  0.1735E-16, -0.2610E-15, -0.5551E-16,   0.000    , -0.2776E-15,   1.000    ,  0.7286E-15,  0.1492E-15,  0.2255E-16,  0.3053E-15,  0.2706E-15,  0.3400E-15,  0.1839E-15,  0.5551E-16, -0.1041E-16,  0.2082E-16, -0.1249E-15,  0.5898E-16, -0.2602E-15
  0.1943E-15,  0.4510E-16, -0.3469E-16, -0.9714E-16,  0.4857E-16,  0.1041E-16,  0.2374E-16, -0.9714E-16,  0.2845E-15,  0.8327E-16,  0.7286E-15,   1.000    ,  0.1110E-15, -0.1214E-15, -0.1735E-15,  0.7980E-16, -0.2741E-15, -0.2047E-15, -0.9368E-16,  0.1388E-15,  0.1388E-16,  0.5898E-16, -0.1422E-15,  0.7026E-16
 -0.1440E-15, -0.8500E-16,  0.2507E-15,  0.2602E-15, -0.2082E-16,  0.1735E-17, -0.2707E-15, -0.1457E-15, -0.1527E-15,  0.7286E-16,  0.1492E-15,  0.1110E-15,   1.000    ,  0.3222E-15, -0.4163E-16, -0.1908E-16, -0.1015E-15, -0.1128E-16,  0.2585E-15,  0.2602E-17, -0.7199E-16,  0.1583E-15,  0.1357E-15, -0.8305E-16
  0.2255E-16, -0.1249E-15,  0.1002E-15,  0.7459E-16,  0.1214E-16, -0.1418E-15,  0.1302E-15, -0.6939E-17, -0.7633E-16, -0.5586E-15,  0.2255E-16, -0.1214E-15,  0.3222E-15,   1.000    ,  0.3730E-15, -0.4363E-15,  0.2255E-16,  0.3816E-16,  0.2082E-15,  0.1258E-15, -0.2316E-15,  0.1236E-15,  0.1752E-15,  0.2927E-16
  0.2359E-15,  0.2776E-16,  0.1978E-15,  0.1804E-15,  0.6245E-16, -0.1249E-15,  0.7763E-16,  0.5551E-16,  0.2498E-15, -0.1388E-16,  0.3053E-15, -0.1735E-15, -0.4163E-16,  0.3730E-15,   1.000    , -0.2151E-15, -0.3123E-15, -0.2533E-15, -0.7633E-16,  0.1214E-15,  0.1388E-16, -0.2394E-15,  0.5898E-16,  0.5898E-16
 -0.6939E-17,  0.2602E-15, -0.6418E-16,  0.8327E-16, -0.2984E-15,  0.1769E-15,  0.1839E-15,  0.3192E-15, -0.6245E-16, -0.1110E-15,  0.2706E-15,  0.7980E-16, -0.1908E-16, -0.4363E-15, -0.2151E-15,   1.000    , -0.2949E-15, -0.3521E-15, -0.2082E-16, -0.2862E-15, -0.1943E-15,  0.2602E-16, -0.6072E-16,  0.5291E-16
  0.1943E-15,  0.2255E-15, -0.1874E-15, -0.2082E-16,  0.1301E-15, -0.3990E-16, -0.4852E-17,  0.1110E-15,  0.5551E-16, -0.3469E-15,  0.3400E-15, -0.2741E-15, -0.1015E-15,  0.2255E-16, -0.3123E-15, -0.2949E-15,   1.000    , -0.1735E-16, -0.4580E-15, -0.6765E-16,  0.3990E-15, -0.2012E-15, -0.4510E-16, -0.5117E-16
 -0.1388E-16, -0.6072E-16, -0.1197E-15, -0.1110E-15, -0.4684E-16,  0.1743E-15,  0.7791E-16, -0.5551E-16, -0.5898E-16,  0.1388E-16,  0.1839E-15, -0.2047E-15, -0.1128E-16,  0.3816E-16, -0.2533E-15, -0.3521E-15, -0.1735E-16,   1.000    , -0.1978E-15,  0.1197E-15,  0.3192E-15,  0.2455E-15,  0.1648E-16, -0.1201E-15
  0.1943E-15, -0.5204E-16,  0.9021E-16,  0.3123E-15,  0.3400E-15,  0.5551E-16,  0.3659E-17,  0.6939E-16, -0.2776E-16, -0.3192E-15,  0.5551E-16, -0.9368E-16,  0.2585E-15,  0.2082E-15, -0.7633E-16, -0.2082E-16, -0.4580E-15, -0.1978E-15,   1.000    , -0.7459E-16, -0.1978E-15, -0.2272E-15, -0.3990E-16, -0.1050E-15
 -0.2637E-15,  0.6072E-16,  0.1318E-15,  0.9368E-16, -0.2394E-15, -0.8413E-16,  0.1505E-15,   0.000    , -0.3469E-16,  0.8327E-16, -0.1041E-16,  0.1388E-15,  0.2602E-17,  0.1258E-15,  0.1214E-15, -0.2862E-15, -0.6765E-16,  0.1197E-15, -0.7459E-16,   1.000    , -0.1088E-14,  0.6462E-15,  0.1128E-16,  0.1193E-15
  0.1214E-15,  0.3001E-15,  0.5204E-17, -0.1249E-15, -0.1596E-15,  0.1527E-15, -0.2246E-16, -0.4163E-16,  0.2776E-16,  0.2776E-16,  0.2082E-16,  0.1388E-16, -0.7199E-16, -0.2316E-15,  0.1388E-16, -0.1943E-15,  0.3990E-15,  0.3192E-15, -0.1978E-15, -0.1088E-14,   1.000    , -0.5855E-15,  0.2116E-15,  0.9888E-16
  0.2845E-15,  0.1370E-15, -0.1180E-15,  0.8674E-16,  0.3591E-15, -0.2229E-15,  0.1412E-15,  0.2845E-15,  0.1353E-15, -0.9714E-16, -0.1249E-15,  0.5898E-16,  0.1583E-15,  0.1236E-15, -0.2394E-15,  0.2602E-16, -0.2012E-15,  0.2455E-15, -0.2272E-15,  0.6462E-15, -0.5855E-15,   1.000    , -0.6245E-16, -0.5265E-15
 -0.7633E-16, -0.8674E-17,  0.5464E-16, -0.6592E-16,  0.4857E-16,  0.6939E-16,  0.1381E-16,  0.1388E-16,  0.9021E-16, -0.1041E-15,  0.5898E-16, -0.1422E-15,  0.1357E-15,  0.1752E-15,  0.5898E-16, -0.6072E-16, -0.4510E-16,  0.1648E-16, -0.3990E-16,  0.1128E-16,  0.2116E-15, -0.6245E-16,   1.000    ,  0.6254E-15
 -0.6245E-16,  0.1422E-15, -0.8674E-17,  0.8500E-16, -0.2602E-17, -0.1084E-15,  0.5116E-17,  0.1527E-15, -0.1388E-16,  0.1457E-15, -0.2602E-15,  0.7026E-16, -0.8305E-16,  0.2927E-16,  0.5898E-16,  0.5291E-16, -0.5117E-16, -0.1201E-15, -0.1050E-15,  0.1193E-15,  0.9888E-16, -0.5265E-15,  0.6254E-15,   1.000    
 
 rxyz0: 
 
 -0.2571E-04,  0.2571E-04,  -1.920    ,  0.9602    ,  0.9602    ,   1.920    , -0.9602    , -0.9602    
   0.000    ,   0.000    ,   0.000    ,   1.663    ,  -1.663    ,   0.000    ,  -1.663    ,   1.663    
   1.428    ,  -1.428    ,   2.174    ,   2.174    ,   2.174    ,  -2.174    ,  -2.174    ,  -2.174    
 
 new_masses: 
 
   1849.    
   2181.    
   2181.    
   2708.    
   2503.    
   2503.    
   2579.    
   2468.    
   3284.    
   3286.    
   3562.    
   5816.    
   2795.    
   4346.    
   4040.    
   4145.    
   4468.    
   4468.    
 
 sigma2 from ev, modifier = 1
 
  0.4286    
  0.1184    
  0.1184    
  0.7935E-01
  0.7142E-01
  0.7143E-01
  0.6172E-01
  0.6309E-01
  0.4648E-01
  0.4647E-01
  0.4242E-01
  0.2598E-01
  0.2733E-01
  0.1748E-01
  0.1813E-01
  0.1767E-01
  0.1628E-01
  0.1628E-01
 
 e0 theory =   7.247172159063667E-002
 Input etot:   -5.69922746240000     
Step     1 of   500--------------------------------
 number of walkers =          100
 et =   -5.61943941469764     
 e0 =   -5.62668549402538     
Step     2 of   500--------------------------------
 number of walkers =          100
 et =   -5.62005959890683     
 e0 =   -5.62658615204900     
Step     3 of   500--------------------------------
 number of walkers =          100
 et =   -5.62036520450478     
 e0 =   -5.62625592842775     
Step     4 of   500--------------------------------
 number of walkers =          100
 et =   -5.62113518191661     
 e0 =   -5.62642836473607     
Step     5 of   500--------------------------------
 number of walkers =          100
 et =   -5.62167039778420     
 e0 =   -5.62643387563764     
Step     6 of   500--------------------------------
 number of walkers =          100
 et =   -5.62217732400774     
 e0 =   -5.62646319840926     
Step     7 of   500--------------------------------
 number of walkers =          100
 et =   -5.62236857617932     
 e0 =   -5.62623800179179     
Step     8 of   500--------------------------------
 number of walkers =          100
 et =   -5.62277259872693     
 e0 =   -5.62625423377444     
Step     9 of   500--------------------------------
 number of walkers =          102
 et =   -5.62297367824236     
 e0 =   -5.62611395757130     
Step    10 of   500--------------------------------
 number of walkers =          102
 et =   -5.62340183161517     
 e0 =   -5.62622275390004     
Step    11 of   500--------------------------------
 number of walkers =          103
 et =   -5.62386557806151     
 e0 =   -5.62639543908816     
Step    12 of   500--------------------------------
 number of walkers =          105
 et =   -5.62433879175833     
 e0 =   -5.62660551759279     
Step    13 of   500--------------------------------
 number of walkers =          108
 et =   -5.62430358756562     
 e0 =   -5.62635586301787     
Step    14 of   500--------------------------------
 number of walkers =          113
 et =   -5.62438567851223     
 e0 =   -5.62626912519621     
Step    15 of   500--------------------------------
 number of walkers =          117
 et =   -5.62437726314076     
 e0 =   -5.62608216812410     
Step    16 of   500--------------------------------
 number of walkers =          120
 et =   -5.62481467232880     
 e0 =   -5.62633623354709     
Step    17 of   500--------------------------------
 number of walkers =          124
 et =   -5.62497914917067     
 e0 =   -5.62634906209598     
Step    18 of   500--------------------------------
 number of walkers =          127
 et =   -5.62472275670411     
 e0 =   -5.62597473621133     
Step    19 of   500--------------------------------
 number of walkers =          132
 et =   -5.62506958585957     
 e0 =   -5.62618475952348     
Step    20 of   500--------------------------------
 number of walkers =          134
 et =   -5.62502600350396     
 e0 =   -5.62603673042281     
Step    21 of   500--------------------------------
 number of walkers =          137
 et =   -5.62533295624440     
 e0 =   -5.62625752813209     
Step    22 of   500--------------------------------
 number of walkers =          138
 et =   -5.62529015601219     
 e0 =   -5.62620049701556     
Step    23 of   500--------------------------------
 number of walkers =          140
 et =   -5.62521622559342     
 e0 =   -5.62604343139538     
Step    24 of   500--------------------------------
 number of walkers =          141
 et =   -5.62554111162014     
 e0 =   -5.62627412832518     
Step    25 of   500--------------------------------
 number of walkers =          141
 et =   -5.62573637218558     
 e0 =   -5.62639012529507     
Step    26 of   500--------------------------------
 number of walkers =          143
 et =   -5.62617880547713     
 e0 =   -5.62674929946158     
Step    27 of   500--------------------------------
 number of walkers =          143
 et =   -5.62641942392286     
 e0 =   -5.62692545556505     
Step    28 of   500--------------------------------
 number of walkers =          143
 et =   -5.62626313785887     
 e0 =   -5.62672751161674     
Step    29 of   500--------------------------------
 number of walkers =          144
 et =   -5.62621877002458     
 e0 =   -5.62664124332336     
Step    30 of   500--------------------------------
 number of walkers =          146
 et =   -5.62610912248448     
 e0 =   -5.62649669319378     
Step    31 of   500--------------------------------
 number of walkers =          147
 et =   -5.62610311712279     
 e0 =   -5.62645361413879     
Step    32 of   500--------------------------------
 number of walkers =          148
 et =   -5.62616773962597     
 e0 =   -5.62648163829069     
Step    33 of   500--------------------------------
 number of walkers =          149
 et =   -5.62652785990641     
 e0 =   -5.62681896360528     
Step    34 of   500--------------------------------
 number of walkers =          152
 et =   -5.62649233778497     
 e0 =   -5.62675751189526     
Step    35 of   500--------------------------------
 number of walkers =          155
 et =   -5.62625419881322     
 e0 =   -5.62650615086715     
Step    36 of   500--------------------------------
 number of walkers =          156
 et =   -5.62658215558384     
 e0 =   -5.62680276284627     
Step    37 of   500--------------------------------
 number of walkers =          156
 et =   -5.62638913713683     
 e0 =   -5.62659846717018     
Step    38 of   500--------------------------------
 number of walkers =          156
 et =   -5.62671008310210     
 e0 =   -5.62690394628050     
Step    39 of   500--------------------------------
 number of walkers =          158
 et =   -5.62648474140682     
 e0 =   -5.62667187993171     
Step    40 of   500--------------------------------
 number of walkers =          159
 et =   -5.62650030127210     
 e0 =   -5.62666889942932     
Step    41 of   500--------------------------------
 number of walkers =          161
 et =   -5.62693467355888     
 e0 =   -5.62707310825028     
Step    42 of   500--------------------------------
 number of walkers =          160
 et =   -5.62699727909346     
 e0 =   -5.62713077303038     
Step    43 of   500--------------------------------
 number of walkers =          160
 et =   -5.62681947198890     
 e0 =   -5.62697326294671     
Step    44 of   500--------------------------------
 number of walkers =          162
 et =   -5.62679896936569     
 e0 =   -5.62695385435614     
Step    45 of   500--------------------------------
 number of walkers =          163
 et =   -5.62715700817787     
 e0 =   -5.62727933531197     
Step    46 of   500--------------------------------
 number of walkers =          165
 et =   -5.62725295772167     
 e0 =   -5.62738375262749     
Step    47 of   500--------------------------------
 number of walkers =          163
 et =   -5.62696973026884     
 e0 =   -5.62711819830215     
Step    48 of   500--------------------------------
 number of walkers =          163
 et =   -5.62702493885050     
 e0 =   -5.62718205574091     
Step    49 of   500--------------------------------
 number of walkers =          166
 et =   -5.62723059727176     
 e0 =   -5.62738344875433     
Step    50 of   500--------------------------------
 number of walkers =          169
 et =   -5.62731306990623     
 e0 =   -5.62744802992767     
Step    51 of   500--------------------------------
 number of walkers =          170
 et =   -5.62697979344487     
 e0 =   -5.62711836903895     
Step    52 of   500--------------------------------
 number of walkers =          170
 et =   -5.62702104603124     
 e0 =   -5.62716855798043     
Step    53 of   500--------------------------------
 number of walkers =          172
 et =   -5.62680329814115     
 e0 =   -5.62694897184925     
Step    54 of   500--------------------------------
 number of walkers =          172
 et =   -5.62670233544497     
 e0 =   -5.62683925926228     
Step    55 of   500--------------------------------
 number of walkers =          170
 et =   -5.62671357526502     
 e0 =   -5.62686039684116     
Step    56 of   500--------------------------------
 number of walkers =          172
 et =   -5.62655041572525     
 e0 =   -5.62675212320109     
Step    57 of   500--------------------------------
 number of walkers =          171
 et =   -5.62651291582473     
 e0 =   -5.62671819489254     
Step    58 of   500--------------------------------
 number of walkers =          171
 et =   -5.62645452604335     
 e0 =   -5.62664244312960     
Step    59 of   500--------------------------------
 number of walkers =          175
 et =   -5.62627610818765     
 e0 =   -5.62645458105473     
Step    60 of   500--------------------------------
 number of walkers =          176
 et =   -5.62651170946433     
 e0 =   -5.62670469105498     
Step    61 of   500--------------------------------
 number of walkers =          175
 et =   -5.62682179606813     
 e0 =   -5.62700522563043     
Step    62 of   500--------------------------------
 number of walkers =          177
 et =   -5.62660795882372     
 e0 =   -5.62678443477336     
Step    63 of   500--------------------------------
 number of walkers =          176
 et =   -5.62631086950137     
 e0 =   -5.62653989136153     
Step    64 of   500--------------------------------
 number of walkers =          177
 et =   -5.62670480089725     
 e0 =   -5.62689360344646     
Step    65 of   500--------------------------------
 number of walkers =          176
 et =   -5.62692982354952     
 e0 =   -5.62709084224777     
Step    66 of   500--------------------------------
 number of walkers =          179
 et =   -5.62667830989454     
 e0 =   -5.62685956232145     
Step    67 of   500--------------------------------
 number of walkers =          180
 et =   -5.62640502706892     
 e0 =   -5.62658189010358     
Step    68 of   500--------------------------------
 number of walkers =          181
 et =   -5.62653070215064     
 e0 =   -5.62670688653017     
Step    69 of   500--------------------------------
 number of walkers =          181
 et =   -5.62672382448766     
 e0 =   -5.62687345942841     
Step    70 of   500--------------------------------
 number of walkers =          181
 et =   -5.62600611130255     
 e0 =   -5.62620085379793     
Step    71 of   500--------------------------------
 number of walkers =          181
 et =   -5.62633084465292     
 e0 =   -5.62651651620585     
Step    72 of   500--------------------------------
 number of walkers =          181
 et =   -5.62607454825296     
 e0 =   -5.62625588625254     
Step    73 of   500--------------------------------
 number of walkers =          180
 et =   -5.62600558343368     
 e0 =   -5.62617295046050     
Step    74 of   500--------------------------------
 number of walkers =          182
 et =   -5.62628096054879     
 e0 =   -5.62644301502196     
Step    75 of   500--------------------------------
 number of walkers =          184
 et =   -5.62685655744575     
 e0 =   -5.62697547604283     
Step    76 of   500--------------------------------
 number of walkers =          184
 et =   -5.62687965452666     
 e0 =   -5.62698563791751     
Step    77 of   500--------------------------------
 number of walkers =          185
 et =   -5.62681186411440     
 e0 =   -5.62691105310819     
Step    78 of   500--------------------------------
 number of walkers =          185
 et =   -5.62671833236726     
 e0 =   -5.62683507078908     
Step    79 of   500--------------------------------
 number of walkers =          187
 et =   -5.62658249781847     
 e0 =   -5.62669452212219     
Step    80 of   500--------------------------------
 number of walkers =          188
 et =   -5.62664233467398     
 e0 =   -5.62674124828660     
Step    81 of   500--------------------------------
 number of walkers =          188
 et =   -5.62647039235622     
 e0 =   -5.62657193005346     
Step    82 of   500--------------------------------
 number of walkers =          187
 et =   -5.62603108805533     
 e0 =   -5.62614251392800     
Step    83 of   500--------------------------------
 number of walkers =          189
 et =   -5.62581624586375     
 e0 =   -5.62592692202168     
Step    84 of   500--------------------------------
 number of walkers =          189
 et =   -5.62593736124878     
 e0 =   -5.62603210727259     
Step    85 of   500--------------------------------
 number of walkers =          188
 et =   -5.62617512468144     
 e0 =   -5.62627228254001     
Step    86 of   500--------------------------------
 number of walkers =          187
 et =   -5.62613377037382     
 e0 =   -5.62627907532589     
Step    87 of   500--------------------------------
 number of walkers =          187
 et =   -5.62583853718619     
 e0 =   -5.62598452665759     
Step    88 of   500--------------------------------
 number of walkers =          187
 et =   -5.62619771711098     
 e0 =   -5.62633475852321     
Step    89 of   500--------------------------------
 number of walkers =          186
 et =   -5.62617124596814     
 e0 =   -5.62630633454286     
Step    90 of   500--------------------------------
 number of walkers =          185
 et =   -5.62645670358934     
 e0 =   -5.62656713220236     
Step    91 of   500--------------------------------
 number of walkers =          188
 et =   -5.62664241146877     
 e0 =   -5.62673384643959     
Step    92 of   500--------------------------------
 number of walkers =          190
 et =   -5.62636962613317     
 e0 =   -5.62648890925661     
Step    93 of   500--------------------------------
 number of walkers =          189
 et =   -5.62649611091591     
 e0 =   -5.62661084648295     
Step    94 of   500--------------------------------
 number of walkers =          190
 et =   -5.62635761542082     
 e0 =   -5.62646780928120     
Step    95 of   500--------------------------------
 number of walkers =          189
 et =   -5.62639091730734     
 e0 =   -5.62649005500246     
Step    96 of   500--------------------------------
 number of walkers =          190
 et =   -5.62628180913871     
 e0 =   -5.62640133417021     
Step    97 of   500--------------------------------
 number of walkers =          188
 et =   -5.62629784607806     
 e0 =   -5.62643308897441     
Step    98 of   500--------------------------------
 number of walkers =          190
 et =   -5.62633360218349     
 e0 =   -5.62645434453936     
Step    99 of   500--------------------------------
 number of walkers =          188
 et =   -5.62609216026146     
 e0 =   -5.62621461780536     
Step   100 of   500--------------------------------
 number of walkers =          190
 et =   -5.62605954188987     
 e0 =   -5.62617246220060     
Step   101 of   500--------------------------------
 number of walkers =          189
 et =   -5.62589058840681     
 e0 =   -5.62602478087471     
Step   102 of   500--------------------------------
 number of walkers =          190
 et =   -5.62635718340325     
 e0 =   -5.62645635557173     
Step   103 of   500--------------------------------
 number of walkers =          189
 et =   -5.62627702637961     
 e0 =   -5.62637942837954     
Step   104 of   500--------------------------------
 number of walkers =          191
 et =   -5.62666075152966     
 e0 =   -5.62673557702250     
Step   105 of   500--------------------------------
 number of walkers =          191
 et =   -5.62645371991515     
 e0 =   -5.62655809195374     
Step   106 of   500--------------------------------
 number of walkers =          191
 et =   -5.62631454089146     
 e0 =   -5.62641716264797     
Step   107 of   500--------------------------------
 number of walkers =          193
 et =   -5.62629751796782     
 e0 =   -5.62639341679491     
Step   108 of   500--------------------------------
 number of walkers =          194
 et =   -5.62609506617813     
 e0 =   -5.62619420947193     
Step   109 of   500--------------------------------
 number of walkers =          194
 et =   -5.62603046513630     
