SLURM_NTASKS: 1
SLURM_NTASKS_PER_NODE: 1
SLURM_CPUS_PER_TASK: 1
 delta_t =    10.0000000000000     
 hessian: 
 
  0.2503E-04, -0.1202E-12, -0.7563E-08, -0.3769E-05, -0.4897E-12, -0.2002E-07, -0.4159E-04,  0.4503E-10,  0.1220E-04, -0.1620E-04, -0.1476E-04, -0.6043E-05, -0.1620E-04,  0.1476E-04, -0.6043E-05,  0.3985E-06,  0.9547E-09,  0.5137E-05,  0.9116E-07,  0.1630E-06, -0.2578E-05,  0.9193E-07, -0.1621E-06, -0.2578E-05
 -0.1202E-12,  0.2502E-04, -0.3550E-09, -0.2245E-12, -0.3769E-05, -0.7273E-09, -0.8691E-12, -0.7662E-05,  0.1056E-09, -0.1476E-04, -0.3316E-04, -0.1044E-04,  0.1476E-04, -0.3316E-04,  0.1044E-04, -0.6728E-10,  0.5576E-08,  0.4007E-09,  0.1499E-06,  0.2893E-06, -0.4454E-05, -0.1493E-06,  0.2885E-06,  0.4455E-05
 -0.7563E-08, -0.3550E-09,  0.2213E-04, -0.2004E-07, -0.7272E-09, -0.1017E-04,  0.1219E-04,  0.2387E-09, -0.1190E-04, -0.6036E-05, -0.1043E-04, -0.1179E-04, -0.6036E-05,  0.1043E-04, -0.1179E-04,  0.2535E-06,  0.1254E-09, -0.1963E-05, -0.1361E-06, -0.2252E-06, -0.1935E-05, -0.1372E-06,  0.2275E-06, -0.1936E-05
 -0.3769E-05, -0.2245E-12, -0.2004E-07,  0.2503E-04, -0.3355E-12, -0.7874E-08,  0.4008E-06,  0.9545E-09,  0.5137E-05,  0.9207E-07,  0.1641E-06, -0.2577E-05,  0.9284E-07, -0.1632E-06, -0.2578E-05, -0.4159E-04,  0.4563E-10,  0.1220E-04, -0.1620E-04, -0.1476E-04, -0.6043E-05, -0.1620E-04,  0.1476E-04, -0.6043E-05
 -0.4897E-12, -0.3769E-05, -0.7272E-09, -0.3355E-12,  0.2502E-04, -0.3550E-09,  0.1848E-11,  0.5575E-08,  0.4004E-09,  0.1499E-06,  0.2893E-06, -0.4454E-05, -0.1493E-06,  0.2885E-06,  0.4455E-05, -0.1182E-10, -0.7662E-05,  0.1049E-09, -0.1476E-04, -0.3316E-04, -0.1044E-04,  0.1476E-04, -0.3316E-04,  0.1044E-04
 -0.2002E-07, -0.7273E-09, -0.1017E-04, -0.7874E-08, -0.3550E-09,  0.2213E-04,  0.2530E-06,  0.1254E-09, -0.1963E-05, -0.1361E-06, -0.2252E-06, -0.1935E-05, -0.1372E-06,  0.2275E-06, -0.1936E-05,  0.1219E-04,  0.2386E-09, -0.1190E-04, -0.6036E-05, -0.1043E-04, -0.1179E-04, -0.6036E-05,  0.1043E-04, -0.1179E-04
 -0.4159E-04, -0.8691E-12,  0.1219E-04,  0.4008E-06,  0.1848E-11,  0.2530E-06,  0.1508E-03, -0.5799E-09, -0.4800E-04, -0.4995E-05,  0.2010E-05,  0.2773E-05, -0.4996E-05, -0.2010E-05,  0.2773E-05,  0.8970E-06, -0.1404E-08, -0.4246E-06,  0.2782E-06,  0.5519E-08, -0.4647E-07,  0.2762E-06, -0.7437E-08, -0.4524E-07
  0.4503E-10, -0.7662E-05,  0.2387E-09,  0.9545E-09,  0.5575E-08,  0.1254E-09, -0.5799E-09,  0.2348E-04,  0.1995E-09, -0.1247E-04,  0.1059E-05,  0.4979E-05,  0.1247E-04,  0.1059E-05, -0.4979E-05, -0.1380E-08,  0.5547E-06,  0.3967E-09,  0.2237E-06,  0.1447E-06,  0.1330E-06, -0.2255E-06,  0.1467E-06, -0.1343E-06
  0.1220E-04,  0.1056E-09, -0.1190E-04,  0.5137E-05,  0.4004E-09, -0.1963E-05, -0.4800E-04,  0.1995E-09,  0.4591E-04, -0.5634E-05,  0.8024E-07,  0.1589E-05, -0.5633E-05, -0.8065E-07,  0.1590E-05, -0.4269E-06,  0.3968E-09, -0.3175E-05, -0.9074E-07,  0.1087E-06,  0.9802E-06, -0.8938E-07, -0.1092E-06,  0.9803E-06
 -0.1620E-04, -0.1476E-04, -0.6036E-05,  0.9207E-07,  0.1499E-06, -0.1361E-06, -0.4995E-05, -0.1247E-04, -0.5634E-05,  0.5553E-04,  0.5538E-04,  0.2381E-04,  0.4099E-05,  0.7262E-05,  0.2893E-05,  0.2785E-06,  0.2237E-06, -0.9074E-07,  0.6423E-06,  0.1514E-06,  0.1954E-06,  0.7935E-07, -0.1093E-06,  0.1431E-06
 -0.1476E-04, -0.3316E-04, -0.1043E-04,  0.1641E-06,  0.2893E-06, -0.2252E-06,  0.2010E-05,  0.1059E-05,  0.8024E-07,  0.5538E-04,  0.1192E-03,  0.4112E-04, -0.7263E-05, -0.8015E-05, -0.4831E-05,  0.4978E-08,  0.1447E-06,  0.1087E-06,  0.1514E-06,  0.8147E-06,  0.3589E-06,  0.1085E-06,  0.3429E-06, -0.2590E-07
 -0.6043E-05, -0.1044E-04, -0.1179E-04, -0.2577E-05, -0.4454E-05, -0.1935E-05,  0.2773E-05,  0.4979E-05,  0.1589E-05,  0.2381E-04,  0.4112E-04,  0.4546E-04,  0.2893E-05,  0.4831E-05,  0.1563E-05, -0.4697E-07,  0.1330E-06,  0.9802E-06,  0.1954E-06,  0.3589E-06, -0.3176E-05,  0.1434E-06,  0.2432E-07,  0.9800E-06
 -0.1620E-04,  0.1476E-04, -0.6036E-05,  0.9284E-07, -0.1493E-06, -0.1372E-06, -0.4996E-05,  0.1247E-04, -0.5633E-05,  0.4099E-05, -0.7263E-05,  0.2893E-05,  0.5553E-04, -0.5539E-04,  0.2381E-04,  0.2764E-06, -0.2255E-06, -0.8938E-07,  0.7935E-07,  0.1085E-06,  0.1434E-06,  0.6424E-06, -0.1532E-06,  0.1970E-06
  0.1476E-04, -0.3316E-04,  0.1043E-04, -0.1632E-06,  0.2885E-06,  0.2275E-06, -0.2010E-05,  0.1059E-05, -0.8065E-07,  0.7262E-05, -0.8015E-05,  0.4831E-05, -0.5539E-04,  0.1192E-03, -0.4112E-04, -0.6697E-08,  0.1467E-06, -0.1092E-06, -0.1093E-06,  0.3429E-06,  0.2432E-07, -0.1532E-06,  0.8175E-06, -0.3618E-06
 -0.6043E-05,  0.1044E-04, -0.1179E-04, -0.2578E-05,  0.4455E-05, -0.1936E-05,  0.2773E-05, -0.4979E-05,  0.1590E-05,  0.2893E-05, -0.4831E-05,  0.1563E-05,  0.2381E-04, -0.4112E-04,  0.4546E-04, -0.4582E-07, -0.1343E-06,  0.9803E-06,  0.1431E-06, -0.2590E-07,  0.9800E-06,  0.1970E-06, -0.3618E-06, -0.3174E-05
  0.3985E-06, -0.6728E-10,  0.2535E-06, -0.4159E-04, -0.1182E-10,  0.1219E-04,  0.8970E-06, -0.1380E-08, -0.4269E-06,  0.2785E-06,  0.4978E-08, -0.4697E-07,  0.2764E-06, -0.6697E-08, -0.4582E-07,  0.1508E-03, -0.5752E-09, -0.4800E-04, -0.4995E-05,  0.2010E-05,  0.2773E-05, -0.4996E-05, -0.2010E-05,  0.2772E-05
  0.9547E-09,  0.5576E-08,  0.1254E-09,  0.4563E-10, -0.7662E-05,  0.2386E-09, -0.1404E-08,  0.5547E-06,  0.3968E-09,  0.2237E-06,  0.1447E-06,  0.1330E-06, -0.2255E-06,  0.1467E-06, -0.1343E-06, -0.5752E-09,  0.2348E-04,  0.2010E-09, -0.1247E-04,  0.1059E-05,  0.4979E-05,  0.1247E-04,  0.1059E-05, -0.4979E-05
  0.5137E-05,  0.4007E-09, -0.1963E-05,  0.1220E-04,  0.1049E-09, -0.1190E-04, -0.4246E-06,  0.3967E-09, -0.3175E-05, -0.9074E-07,  0.1087E-06,  0.9802E-06, -0.8938E-07, -0.1092E-06,  0.9803E-06, -0.4800E-04,  0.2010E-09,  0.4591E-04, -0.5634E-05,  0.8024E-07,  0.1589E-05, -0.5633E-05, -0.8065E-07,  0.1590E-05
  0.9116E-07,  0.1499E-06, -0.1361E-06, -0.1620E-04, -0.1476E-04, -0.6036E-05,  0.2782E-06,  0.2237E-06, -0.9074E-07,  0.6423E-06,  0.1514E-06,  0.1954E-06,  0.7935E-07, -0.1093E-06,  0.1431E-06, -0.4995E-05, -0.1247E-04, -0.5634E-05,  0.5553E-04,  0.5538E-04,  0.2381E-04,  0.4099E-05,  0.7262E-05,  0.2893E-05
  0.1630E-06,  0.2893E-06, -0.2252E-06, -0.1476E-04, -0.3316E-04, -0.1043E-04,  0.5519E-08,  0.1447E-06,  0.1087E-06,  0.1514E-06,  0.8147E-06,  0.3589E-06,  0.1085E-06,  0.3429E-06, -0.2590E-07,  0.2010E-05,  0.1059E-05,  0.8024E-07,  0.5538E-04,  0.1192E-03,  0.4112E-04, -0.7263E-05, -0.8014E-05, -0.4831E-05
 -0.2578E-05, -0.4454E-05, -0.1935E-05, -0.6043E-05, -0.1044E-04, -0.1179E-04, -0.4647E-07,  0.1330E-06,  0.9802E-06,  0.1954E-06,  0.3589E-06, -0.3176E-05,  0.1434E-06,  0.2432E-07,  0.9800E-06,  0.2773E-05,  0.4979E-05,  0.1589E-05,  0.2381E-04,  0.4112E-04,  0.4546E-04,  0.2893E-05,  0.4831E-05,  0.1563E-05
  0.9193E-07, -0.1493E-06, -0.1372E-06, -0.1620E-04,  0.1476E-04, -0.6036E-05,  0.2762E-06, -0.2255E-06, -0.8938E-07,  0.7935E-07,  0.1085E-06,  0.1434E-06,  0.6424E-06, -0.1532E-06,  0.1970E-06, -0.4996E-05,  0.1247E-04, -0.5633E-05,  0.4099E-05, -0.7263E-05,  0.2893E-05,  0.5553E-04, -0.5539E-04,  0.2381E-04
 -0.1621E-06,  0.2885E-06,  0.2275E-06,  0.1476E-04, -0.3316E-04,  0.1043E-04, -0.7437E-08,  0.1467E-06, -0.1092E-06, -0.1093E-06,  0.3429E-06,  0.2432E-07, -0.1532E-06,  0.8175E-06, -0.3618E-06, -0.2010E-05,  0.1059E-05, -0.8065E-07,  0.7262E-05, -0.8014E-05,  0.4831E-05, -0.5539E-04,  0.1192E-03, -0.4112E-04
 -0.2578E-05,  0.4455E-05, -0.1936E-05, -0.6043E-05,  0.1044E-04, -0.1179E-04, -0.4524E-07, -0.1343E-06,  0.9803E-06,  0.1431E-06, -0.2590E-07,  0.9800E-06,  0.1970E-06, -0.3618E-06, -0.3174E-05,  0.2772E-05, -0.4979E-05,  0.1590E-05,  0.2893E-05, -0.4831E-05,  0.1563E-05,  0.2381E-04, -0.4112E-04,  0.4546E-04
 
 eigenvalues_full: 
 
 -0.2808E-08
 -0.1322E-08
 -0.3670E-09
 -0.1724E-12
 -0.1346E-12
 -0.3640E-13
  0.1592E-05
  0.1499E-04
  0.1500E-04
  0.2166E-04
  0.3129E-04
  0.3130E-04
  0.3947E-04
  0.4125E-04
  0.4290E-04
  0.4291E-04
  0.4379E-04
  0.4379E-04
  0.1714E-03
  0.1733E-03
  0.1864E-03
  0.1864E-03
  0.1890E-03
  0.1890E-03
 
 eigenvectors: 
 
 -0.1673E-02, -0.5272    , -0.9814E-03,  0.3817E-01,  0.4278    , -0.4618    , -0.2056E-05, -0.7983E-03,  0.1606    , -0.2001E-02,  0.7357E-03, -0.4143    , -0.8982E-03,  0.1330E-02, -0.5535E-02,  0.6915E-01,  0.4278E-01, -0.1577    , -0.3837E-03,  0.2628E-03, -0.1105    ,  0.1874    , -0.1893    , -0.1101    
 -0.4522    ,  0.8780E-03,  0.2677    ,  0.2416    ,  0.4183    ,  0.4076    , -0.1240E-04, -0.1606    , -0.7875E-03, -0.1850E-04, -0.4143    , -0.7299E-03, -0.2352E-04, -0.1132E-04,  0.6926E-01,  0.5552E-02,  0.1577    ,  0.4277E-01,  0.8173E-05,  0.6324E-04,  0.1873    ,  0.1105    , -0.1101    ,  0.1894    
 -0.6827E-05,  0.1686E-02,  0.2290E-05, -0.5828    ,  0.2016    ,  0.1386    ,  0.1867E-05,  0.7218E-05, -0.5432E-03, -0.5775    ,  0.1910E-04,  0.1700E-02, -0.2922    ,  0.3882    ,  0.5720E-04, -0.1250E-04, -0.1594E-03,  0.4514E-03, -0.1260    ,  0.1226    ,  0.3315E-03, -0.5422E-03,  0.5555E-03,  0.2709E-03
  0.1630E-02,  0.5239    ,  0.1103E-02,  0.3840E-01,  0.4297    , -0.4638    , -0.2022E-05, -0.7980E-03,  0.1606    ,  0.1990E-02, -0.7357E-03,  0.4143    , -0.8822E-03, -0.1309E-02,  0.5538E-02, -0.6918E-01,  0.4277E-01, -0.1577    ,  0.3990E-03,  0.3130E-03,  0.1104    , -0.1872    , -0.1895    , -0.1102    
  0.4522    , -0.8949E-03, -0.2678    ,  0.2416    ,  0.4184    ,  0.4075    , -0.1253E-04, -0.1606    , -0.7874E-03,  0.1849E-04,  0.4143    ,  0.7298E-03, -0.2343E-04,  0.1187E-04, -0.6926E-01, -0.5554E-02,  0.1577    ,  0.4277E-01, -0.6825E-05,  0.6211E-04, -0.1873    , -0.1105    , -0.1101    ,  0.1894    
 -0.3667E-04, -0.1624E-02, -0.2036E-04, -0.5828    ,  0.2016    ,  0.1386    ,  0.1867E-05,  0.7078E-05, -0.5199E-03,  0.5775    , -0.1898E-04, -0.1685E-02, -0.2923    , -0.3881    , -0.5590E-04,  0.1641E-05, -0.1482E-03,  0.4145E-03,  0.1259    ,  0.1228    , -0.3475E-03,  0.5681E-03,  0.5635E-03,  0.2747E-03
 -0.7347E-03, -0.2327    , -0.4473E-03,  0.1103E-01,  0.1237    , -0.1336    ,  0.3004E-05,  0.7521E-03, -0.1516    , -0.2323E-01, -0.7834E-04,  0.4586E-01,  0.1591    , -0.1568    , -0.9693E-02,  0.1207    ,  0.3299E-01, -0.1216    , -0.3765    ,  0.3761    ,  0.2604    , -0.4415    ,  0.4413    ,  0.2565    
 -0.4073    ,  0.1737E-02, -0.2332    ,  0.6999E-01,  0.1211    ,  0.1180    , -0.4082    ,  0.2195    ,  0.1080E-02,  0.2201E-06,  0.2188    ,  0.3758E-03,  0.5381E-04,  0.7336E-04, -0.4798    , -0.3847E-01, -0.4841    , -0.1313    ,  0.6882E-05,  0.3937E-05,  0.9313E-02,  0.5481E-02, -0.3534E-02,  0.6049E-02
 -0.6434E-03, -0.2039    , -0.4061E-03, -0.1688    ,  0.5801E-01,  0.4052E-01, -0.1189E-05,  0.2448E-02, -0.4949    , -0.2342    , -0.7194E-03,  0.4109    ,  0.3360    , -0.3035    , -0.2318E-01,  0.2884    ,  0.5744E-01, -0.2116    ,  0.1408    , -0.1425    , -0.1005    ,  0.1703    , -0.1735    , -0.1008    
 -0.1804    , -0.2306    , -0.3049    ,  0.1105E-01,  0.1237    , -0.1336    , -0.3536    , -0.3041E-01, -0.2016    ,  0.1057E-01, -0.7681E-01,  0.1746    , -0.7802E-01,  0.7696E-01,  0.2853    , -0.3095    ,  0.1711    ,  0.4041    ,  0.1889    , -0.1886    , -0.1346    , -0.2194    ,  0.2194    , -0.1327    
 -0.9530E-01, -0.2855E-03,  0.2937    ,  0.6998E-01,  0.1211    ,  0.1180    ,  0.2041    ,  0.1673    ,  0.3090E-01,  0.1949E-01,  0.8833E-01, -0.7526E-01, -0.1368    ,  0.1348    , -0.5085E-01,  0.2573    ,  0.4075E-01, -0.2703    ,  0.3263    , -0.3258    , -0.2138    , -0.3896    ,  0.3860    , -0.2171    
  0.1534    ,  0.1028    , -0.8915E-01, -0.1687    ,  0.5856E-01,  0.3991E-01,  0.1122E-02, -0.4301    ,  0.2462    , -0.2347    , -0.3554    , -0.2067    ,  0.3366    , -0.3038    , -0.2395    , -0.1636    , -0.2128    ,  0.5503E-01,  0.1390    , -0.1406    , -0.9603E-01, -0.1701    ,  0.1721    , -0.9861E-01
  0.1789    , -0.2330    ,  0.3041    ,  0.1104E-01,  0.1237    , -0.1335    ,  0.3536    ,  0.3240E-01, -0.2013    ,  0.1058E-01,  0.7618E-01,  0.1748    , -0.7796E-01,  0.7702E-01, -0.2324    , -0.3510    , -0.3518    ,  0.2623    ,  0.1889    , -0.1884    ,  0.2571    ,  0.1167E-01, -0.6886E-02,  0.2564    
 -0.9531E-01, -0.2889E-03,  0.2937    ,  0.6997E-01,  0.1211    ,  0.1180    ,  0.2041    ,  0.1676    , -0.2924E-01, -0.1948E-01,  0.8807E-01,  0.7557E-01,  0.1368    , -0.1348    , -0.9261E-02, -0.2621    , -0.1013    ,  0.2538    , -0.3264    ,  0.3256    , -0.4444    ,  0.1407E-02, -0.2128E-02, -0.4430    
 -0.1528    ,  0.1034    ,  0.8955E-01, -0.1687    ,  0.5855E-01,  0.3994E-01, -0.1127E-02,  0.4277    ,  0.2505    , -0.2346    ,  0.3562    , -0.2055    ,  0.3366    , -0.3038    ,  0.2624    , -0.1234    ,  0.1559    ,  0.1550    ,  0.1390    , -0.1405    ,  0.1953    ,  0.1728E-02, -0.6018E-03,  0.1985    
  0.7224E-03,  0.2318    ,  0.4825E-03,  0.1113E-01,  0.1246    , -0.1345    ,  0.3016E-05,  0.7521E-03, -0.1516    ,  0.2323E-01,  0.7822E-04, -0.4587E-01,  0.1591    ,  0.1567    ,  0.9694E-02, -0.1207    ,  0.3298E-01, -0.1216    ,  0.3761    ,  0.3763    , -0.2602    ,  0.4412    ,  0.4418    ,  0.2567    
  0.4073    , -0.1743E-02,  0.2332    ,  0.6996E-01,  0.1211    ,  0.1180    , -0.4082    ,  0.2195    ,  0.1080E-02, -0.2079E-06, -0.2188    , -0.3756E-03,  0.5437E-04, -0.7487E-04,  0.4798    ,  0.3848E-01, -0.4841    , -0.1313    , -0.6750E-05,  0.3812E-05, -0.9313E-02, -0.5480E-02, -0.3534E-02,  0.6049E-02
  0.6308E-03,  0.2039    ,  0.4008E-03, -0.1687    ,  0.5874E-01,  0.3973E-01, -0.1169E-05,  0.2448E-02, -0.4949    ,  0.2342    ,  0.7193E-03, -0.4109    ,  0.3361    ,  0.3034    ,  0.2319E-01, -0.2885    ,  0.5741E-01, -0.2115    , -0.1407    , -0.1426    ,  0.1004    , -0.1702    , -0.1736    , -0.1009    
  0.1804    ,  0.2297    ,  0.3050    ,  0.1113E-01,  0.1246    , -0.1344    , -0.3535    , -0.3041E-01, -0.2016    , -0.1056E-01,  0.7681E-01, -0.1746    , -0.7806E-01, -0.7697E-01, -0.2854    ,  0.3095    ,  0.1711    ,  0.4040    , -0.1887    , -0.1888    ,  0.1347    ,  0.2192    ,  0.2195    , -0.1327    
  0.9530E-01,  0.2813E-03, -0.2937    ,  0.6998E-01,  0.1212    ,  0.1180    ,  0.2041    ,  0.1673    ,  0.3090E-01, -0.1949E-01, -0.8833E-01,  0.7526E-01, -0.1368    , -0.1348    ,  0.5086E-01, -0.2573    ,  0.4074E-01, -0.2702    , -0.3261    , -0.3262    ,  0.2139    ,  0.3894    ,  0.3862    , -0.2171    
 -0.1534    , -0.1027    ,  0.8914E-01, -0.1688    ,  0.5818E-01,  0.4033E-01,  0.1122E-02, -0.4301    ,  0.2462    ,  0.2347    ,  0.3554    ,  0.2067    ,  0.3367    ,  0.3037    ,  0.2395    ,  0.1637    , -0.2128    ,  0.5504E-01, -0.1389    , -0.1408    ,  0.9609E-01,  0.1700    ,  0.1722    , -0.9859E-01
 -0.1790    ,  0.2320    , -0.3040    ,  0.1114E-01,  0.1246    , -0.1345    ,  0.3535    ,  0.3240E-01, -0.2013    , -0.1058E-01, -0.7618E-01, -0.1748    , -0.7801E-01, -0.7703E-01,  0.2324    ,  0.3511    , -0.3517    ,  0.2622    , -0.1887    , -0.1886    , -0.2570    , -0.1178E-01, -0.6801E-02,  0.2565    
  0.9530E-01,  0.2828E-03, -0.2937    ,  0.6997E-01,  0.1212    ,  0.1180    ,  0.2041    ,  0.1676    , -0.2924E-01,  0.1948E-01, -0.8807E-01, -0.7558E-01,  0.1369    ,  0.1348    ,  0.9257E-02,  0.2621    , -0.1013    ,  0.2538    ,  0.3261    ,  0.3260    ,  0.4443    , -0.1210E-02, -0.2293E-02, -0.4431    
  0.1528    , -0.1034    , -0.8956E-01, -0.1688    ,  0.5820E-01,  0.4031E-01, -0.1127E-02,  0.4277    ,  0.2505    ,  0.2346    , -0.3562    ,  0.2054    ,  0.3367    ,  0.3037    , -0.2624    ,  0.1234    ,  0.1559    ,  0.1550    , -0.1389    , -0.1407    , -0.1953    , -0.1817E-02, -0.5306E-03,  0.1985    
 
 delta(i,j): 
 
   1.000    , -0.7286E-16, -0.2255E-15, -0.1284E-15,  0.2897E-15,  0.1258E-15, -0.5697E-16, -0.1804E-15,  0.2776E-16, -0.4788E-15,  0.8327E-16, -0.1388E-16, -0.9021E-16,  0.4857E-16,  0.1388E-15,  0.9368E-16,  0.1388E-15,  0.7633E-16,  0.1388E-15,  0.1735E-16,  0.2776E-16, -0.2694E-16,  0.1474E-15,  0.1700E-15
 -0.7286E-16,   1.000    , -0.8153E-16,  0.3608E-15,  0.9281E-16, -0.7026E-16, -0.2841E-16,  0.2776E-16, -0.9714E-16,  0.7286E-16,  0.2776E-16,  0.2359E-15,  0.6939E-16,  0.2776E-16, -0.4857E-16, -0.1926E-15, -0.9368E-16, -0.1492E-15, -0.4337E-16, -0.1700E-15,  0.4857E-16, -0.1750E-15, -0.9771E-17, -0.9368E-16
 -0.2255E-15, -0.8153E-16,   1.000    , -0.1821E-15,  0.1648E-16, -0.1475E-15, -0.8094E-16,  0.1249E-15,  0.2082E-16, -0.1735E-16, -0.1665E-15,  0.1318E-15,  0.1527E-15,  0.1735E-16,  0.2082E-16, -0.3105E-15, -0.5204E-16,  0.1162E-15, -0.8500E-16, -0.3469E-16, -0.5551E-16, -0.5890E-16,  0.1889E-15,  0.1249E-15
 -0.1284E-15,  0.3608E-15, -0.1821E-15,   1.000    ,  0.3018E-15,  0.7546E-16, -0.5521E-16, -0.2776E-16,  0.4857E-16, -0.3469E-16, -0.1388E-15, -0.4857E-16, -0.3053E-15, -0.2498E-15, -0.4163E-16, -0.6939E-16,  0.4163E-16, -0.2082E-16, -0.4857E-16, -0.1249E-15,  0.9714E-16,  0.1465E-15,  0.1061E-15, -0.6939E-16
  0.2897E-15,  0.9281E-16,  0.1648E-16,  0.3018E-15,   1.000    ,  0.1362E-15, -0.1315E-15, -0.3469E-17,  0.6939E-17, -0.7459E-16,  0.1388E-16,  0.2776E-15, -0.2776E-16,  0.1006E-15, -0.1284E-15, -0.2255E-15, -0.6765E-16,  0.2429E-16,  0.1128E-15,  0.1023E-15,  0.6592E-16, -0.7318E-18, -0.3443E-15, -0.1856E-15
  0.1258E-15, -0.7026E-16, -0.1475E-15,  0.7546E-16,  0.1362E-15,   1.000    , -0.9297E-16,  0.1110E-15, -0.1978E-15, -0.1527E-15,  0.1197E-15, -0.3816E-16,  0.2082E-16,  0.2082E-16, -0.5204E-16,  0.3209E-16, -0.1180E-15, -0.6852E-16,  0.2168E-16,  0.1509E-15, -0.6072E-16, -0.1835E-16,  0.2137E-15, -0.1128E-15
 -0.5697E-16, -0.2841E-16, -0.8094E-16, -0.5521E-16, -0.1315E-15, -0.9297E-16,   1.000    ,  0.1271E-15,  0.9975E-17,  0.3067E-15, -0.1321E-15, -0.8847E-16, -0.4299E-16, -0.3430E-15,  0.1426E-15, -0.1599E-16,  0.1246E-15, -0.1769E-15, -0.1190E-15,  0.1839E-15,  0.2559E-16,  0.7109E-16, -0.2400E-15, -0.5313E-17
 -0.1804E-15,  0.2776E-16,  0.1249E-15, -0.2776E-16, -0.3469E-17,  0.1110E-15,  0.1271E-15,   1.000    , -0.3469E-15, -0.1110E-15, -0.2498E-15, -0.6939E-16,  0.2776E-16, -0.3331E-15,  0.2776E-15,  0.9714E-16, -0.4163E-15, -0.3747E-15,  0.2776E-16, -0.2082E-15,  0.3469E-15, -0.3394E-16,  0.1953E-15, -0.1665E-15
  0.2776E-16, -0.9714E-16,  0.2082E-16,  0.4857E-16,  0.6939E-17, -0.1978E-15,  0.9975E-17, -0.3469E-15,   1.000    , -0.1388E-16, -0.1388E-15,  0.6106E-15, -0.2359E-15, -0.3469E-15, -0.8327E-16,  0.4510E-16, -0.9714E-16, -0.1180E-15,  0.1388E-16,  0.1804E-15,  0.2151E-15,  0.2611E-15, -0.1935E-16,  0.1110E-15
 -0.4788E-15,  0.7286E-16, -0.1735E-16, -0.3469E-16, -0.7459E-16, -0.1527E-15,  0.3067E-15, -0.1110E-15, -0.1388E-16,   1.000    ,  0.4580E-15, -0.4233E-15,  0.4163E-15, -0.6939E-16,  0.1249E-15, -0.2637E-15,  0.2220E-15, -0.7633E-16,  0.6245E-16, -0.1041E-15, -0.3469E-16, -0.4863E-16, -0.2206E-16, -0.2637E-15
  0.8327E-16,  0.2776E-16, -0.1665E-15, -0.1388E-15,  0.1388E-16,  0.1197E-15, -0.1321E-15, -0.2498E-15, -0.1388E-15,  0.4580E-15,   1.000    ,  0.4163E-16,  0.2498E-15, -0.1665E-15,  0.2498E-15, -0.9714E-16, -0.2498E-15, -0.3469E-15,  0.2359E-15,  0.3469E-16,  0.1665E-15, -0.1425E-15, -0.9888E-16,  0.2776E-15
 -0.1388E-16,  0.2359E-15,  0.1318E-15, -0.4857E-16,  0.2776E-15, -0.3816E-16, -0.8847E-16, -0.6939E-16,  0.6106E-15, -0.4233E-15,  0.4163E-16,   1.000    , -0.1110E-15, -0.3747E-15,   0.000    ,  0.2533E-15,  0.1735E-15,  0.1943E-15,  0.2082E-16,  0.1561E-15, -0.1457E-15,  0.5378E-16,  0.3127E-15, -0.1457E-15
 -0.9021E-16,  0.6939E-16,  0.1527E-15, -0.3053E-15, -0.2776E-16,  0.2082E-16, -0.4299E-16,  0.2776E-16, -0.2359E-15,  0.4163E-15,  0.2498E-15, -0.1110E-15,   1.000    , -0.6939E-16, -0.2220E-15, -0.1318E-15,  0.2914E-15,  0.2776E-15, -0.2012E-15, -0.4857E-16, -0.2776E-16, -0.8023E-16, -0.3286E-15, -0.2082E-15
  0.4857E-16,  0.2776E-16,  0.1735E-16, -0.2498E-15,  0.1006E-15,  0.2082E-16, -0.3430E-15, -0.3331E-15, -0.3469E-15, -0.6939E-16, -0.1665E-15, -0.3747E-15, -0.6939E-16,   1.000    , -0.2776E-16,  0.9021E-16,  0.3955E-15,  0.2359E-15, -0.5551E-16, -0.3608E-15,  0.7633E-16, -0.7958E-16,  0.1533E-15, -0.4163E-16
  0.1388E-15, -0.4857E-16,  0.2082E-16, -0.4163E-16, -0.1284E-15, -0.5204E-16,  0.1426E-15,  0.2776E-15, -0.8327E-16,  0.1249E-15,  0.2498E-15,   0.000    , -0.2220E-15, -0.2776E-16,   1.000    ,  0.1388E-16,  0.3053E-15,  0.2706E-15,  0.9021E-16,  0.4163E-16, -0.1041E-15, -0.7232E-16, -0.6736E-16, -0.1665E-15
  0.9368E-16, -0.1926E-15, -0.3105E-15, -0.6939E-16, -0.2255E-15,  0.3209E-16, -0.1599E-16,  0.9714E-16,  0.4510E-16, -0.2637E-15, -0.9714E-16,  0.2533E-15, -0.1318E-15,  0.9021E-16,  0.1388E-16,   1.000    , -0.2186E-15,  0.1318E-15,  0.1804E-15,  0.4857E-16,  0.4580E-15, -0.6996E-16,  0.9189E-17,  0.1145E-15
  0.1388E-15, -0.9368E-16, -0.5204E-16,  0.4163E-16, -0.6765E-16, -0.1180E-15,  0.1246E-15, -0.4163E-15, -0.9714E-16,  0.2220E-15, -0.2498E-15,  0.1735E-15,  0.2914E-15,  0.3955E-15,  0.3053E-15, -0.2186E-15,   1.000    , -0.4510E-16, -0.2047E-15,  0.1006E-15,  0.6939E-16,  0.7091E-16, -0.2434E-16,  0.9714E-16
  0.7633E-16, -0.1492E-15,  0.1162E-15, -0.2082E-16,  0.2429E-16, -0.6852E-16, -0.1769E-15, -0.3747E-15, -0.1180E-15, -0.7633E-16, -0.3469E-15,  0.1943E-15,  0.2776E-15,  0.2359E-15,  0.2706E-15,  0.1318E-15, -0.4510E-16,   1.000    ,  0.2741E-15,  0.1318E-15,  0.1561E-15,  0.2396E-16,  0.1505E-15, -0.1769E-15
  0.1388E-15, -0.4337E-16, -0.8500E-16, -0.4857E-16,  0.1128E-15,  0.2168E-16, -0.1190E-15,  0.2776E-16,  0.1388E-16,  0.6245E-16,  0.2359E-15,  0.2082E-16, -0.2012E-15, -0.5551E-16,  0.9021E-16,  0.1804E-15, -0.2047E-15,  0.2741E-15,   1.000    ,  0.8500E-15,  0.9888E-15, -0.9980E-16,  0.1477E-17,  0.3678E-15
  0.1735E-16, -0.1700E-15, -0.3469E-16, -0.1249E-15,  0.1023E-15,  0.1509E-15,  0.1839E-15, -0.2082E-15,  0.1804E-15, -0.1041E-15,  0.3469E-16,  0.1561E-15, -0.4857E-16, -0.3608E-15,  0.4163E-16,  0.4857E-16,  0.1006E-15,  0.1318E-15,  0.8500E-15,   1.000    ,  0.8049E-15,  0.3415E-16, -0.2972E-15, -0.3088E-15
  0.2776E-16,  0.4857E-16, -0.5551E-16,  0.9714E-16,  0.6592E-16, -0.6072E-16,  0.2559E-16,  0.3469E-15,  0.2151E-15, -0.3469E-16,  0.1665E-15, -0.1457E-15, -0.2776E-16,  0.7633E-16, -0.1041E-15,  0.4580E-15,  0.6939E-16,  0.1561E-15,  0.9888E-15,  0.8049E-15,   1.000    , -0.2379E-15, -0.1116E-15, -0.5135E-15
 -0.2694E-16, -0.1750E-15, -0.5890E-16,  0.1465E-15, -0.7318E-18, -0.1835E-16,  0.7109E-16, -0.3394E-16,  0.2611E-15, -0.4863E-16, -0.1425E-15,  0.5378E-16, -0.8023E-16, -0.7958E-16, -0.7232E-16, -0.6996E-16,  0.7091E-16,  0.2396E-16, -0.9980E-16,  0.3415E-16, -0.2379E-15,   1.000    , -0.7388E-15, -0.2651E-16
  0.1474E-15, -0.9771E-17,  0.1889E-15,  0.1061E-15, -0.3443E-15,  0.2137E-15, -0.2400E-15,  0.1953E-15, -0.1935E-16, -0.2206E-16, -0.9888E-16,  0.3127E-15, -0.3286E-15,  0.1533E-15, -0.6736E-16,  0.9189E-17, -0.2434E-16,  0.1505E-15,  0.1477E-17, -0.2972E-15, -0.1116E-15, -0.7388E-15,   1.000    ,  0.1408E-16
  0.1700E-15, -0.9368E-16,  0.1249E-15, -0.6939E-16, -0.1856E-15, -0.1128E-15, -0.5313E-17, -0.1665E-15,  0.1110E-15, -0.2637E-15,  0.2776E-15, -0.1457E-15, -0.2082E-15, -0.4163E-16, -0.1665E-15,  0.1145E-15,  0.9714E-16, -0.1769E-15,  0.3678E-15, -0.3088E-15, -0.5135E-15, -0.2651E-16,  0.1408E-16,   1.000    
 
 rxyz0: 
 
 -0.2571E-04,  0.2571E-04,  -1.920    ,  0.9602    ,  0.9602    ,   1.920    , -0.9602    , -0.9602    
   0.000    ,   0.000    ,   0.000    ,   1.663    ,  -1.663    ,   0.000    ,  -1.663    ,   1.663    
   1.428    ,  -1.428    ,   2.174    ,   2.174    ,   2.174    ,  -2.174    ,  -2.174    ,  -2.174    
 
 new_masses: 
 
   180.0    
   1694.    
   1695.    
   2448.    
   3536.    
   3537.    
   4460.    
   4661.    
   4848.    
   4849.    
   4949.    
   4949.    
  0.1937E+05
  0.1958E+05
  0.2107E+05
  0.2107E+05
  0.2135E+05
  0.2136E+05
 
 sigma2 from ev, modifier = 1
 
   4.403    
  0.1524    
  0.1524    
  0.8779E-01
  0.5055E-01
  0.5053E-01
  0.3569E-01
  0.3341E-01
  0.3149E-01
  0.3148E-01
  0.3054E-01
  0.3053E-01
  0.3945E-02
  0.3880E-02
  0.3476E-02
  0.3476E-02
  0.3407E-02
  0.3406E-02
 
 e0 theory =   7.247224476490838E-002
 Input etot:   -5.69922746240000     
 walker epot, ekin, weight:   -5.69901326150000       7.098616788957772E-002
  0.999992819126010     
 walker epot, ekin, weight:   -5.69889689020000       7.080807509567727E-002
  0.999992822212062     
 walker epot, ekin, weight:   -5.69911958090000       7.191926466729340E-002
  0.999992777787439     
 walker epot, ekin, weight:   -5.69907565140000       7.158381739446369E-002
  0.999992792363222     
 walker epot, ekin, weight:   -5.69910491960000       7.178901156948263E-002
  0.999992783566987     
 walker epot, ekin, weight:   -5.69914242420000       7.212606915243268E-002
  0.999992768589446     
 walker epot, ekin, weight:   -5.69906084920000       7.186336026199522E-002
  0.999992777646075     
 walker epot, ekin, weight:   -5.69907458770000       7.216436870331082E-002
  0.999992763282682     
 walker epot, ekin, weight:   -5.69901767970000       7.082728516798448E-002
  0.999992827290997     
 walker epot, ekin, weight:   -5.69895593590000       7.149601880634386E-002
  0.999992790767388     
 walker epot, ekin, weight:   -5.69915754590000       7.213741266636534E-002
  0.999992768778354     
 walker epot, ekin, weight:   -5.69893779020000       7.078737414344843E-002
  0.999992825292088     
 walker epot, ekin, weight:   -5.69902236630000       7.104737073968473E-002
  0.999992816521126     
 walker epot, ekin, weight:   -5.69873252120000       7.074605148485125E-002
  0.999992817094830     
 walker epot, ekin, weight:   -5.69883937060000       6.972470179577345E-002
  0.999992873504380     
 walker epot, ekin, weight:   -5.69910977010000       7.214825032677424E-002
  0.999992765847702     
 walker epot, ekin, weight:   -5.69913467540000       7.199730307320470E-002
  0.999992774640266     
 walker epot, ekin, weight:   -5.69909574930000       7.198644181641703E-002
  0.999992773237034     
 walker epot, ekin, weight:   -5.69893428990000       7.078812695121316E-002
  0.999992825079434     
 walker epot, ekin, weight:   -5.69900153290000       7.106277471613048E-002
  0.999992814709270     
Step     1 of   200--------------------------------
 number of walkers =           20
 et =   -5.62762183528856     
 e0 =   -5.62762190730015     
 walker epot, ekin, weight:   -5.69892738680000       7.079681389297254E-002
  0.999992864825480     
 walker epot, ekin, weight:   -5.69888778380000       7.115551170826527E-002
  0.999992851082686     
 walker epot, ekin, weight:   -5.69880989410000       7.077731971173908E-002
  0.999992777248445     
 walker epot, ekin, weight:   -5.69879003170000       6.920049473850871E-002
  0.999992884247584     
 walker epot, ekin, weight:   -5.69907339640000       7.170576858122726E-002
  0.999992755560453     
 walker epot, ekin, weight:   -5.69883861750000       6.991988030852532E-002
  0.999992803160280     
 walker epot, ekin, weight:   -5.69854521960000       7.105965595314513E-002
  0.999992749615378     
 walker epot, ekin, weight:   -5.69857241090000       7.150370191759482E-002
  0.999992700046011     
 walker epot, ekin, weight:   -5.69888971510000       6.998624951913979E-002
  0.999992919799815     
 walker epot, ekin, weight:   -5.69895565090000       7.070783528563671E-002
  0.999992813970327     
 walker epot, ekin, weight:   -5.69906038770000       7.167105393128322E-002
  0.999992727068478     
 walker epot, ekin, weight:   -5.69843527700000       6.917504289932606E-002
  0.999992933640295     
 walker epot, ekin, weight:   -5.69875461590000       7.012142563695198E-002
  0.999992884746401     
 walker epot, ekin, weight:   -5.69869146080000       7.088573913644591E-002
  0.999992844520673     
 walker epot, ekin, weight:   -5.69870023370000       6.929243913810545E-002
  0.999993037442865     
 walker epot, ekin, weight:   -5.69908759650000       7.171255229665877E-002
  0.999992720492701     
 walker epot, ekin, weight:   -5.69878448780000       6.980223562720834E-002
  0.999992818437647     
 walker epot, ekin, weight:   -5.69890831140000       7.192739929950327E-002
  0.999992715564903     
 walker epot, ekin, weight:   -5.69846583830000       6.898262829163354E-002
  0.999992944363704     
 walker epot, ekin, weight:   -5.69875327040000       6.838103767867487E-002
  0.999992968074196     
Step     2 of   200--------------------------------
 number of walkers =           20
 et =   -5.62835826846871     
 e0 =   -5.62835834011201     
 walker epot, ekin, weight:   -5.69894223100000       7.034990335967475E-002
  0.999992865143658     
 walker epot, ekin, weight:   -5.69887018310000       7.085907185136840E-002
  0.999992802425355     
 walker epot, ekin, weight:   -5.69796539240000       6.804830485362717E-002
  0.999992838904251     
 walker epot, ekin, weight:   -5.69859470390000       6.810861465680335E-002
  0.999993052200866     
 walker epot, ekin, weight:   -5.69872279910000       7.002397841127088E-002
  0.999992723056267     
 walker epot, ekin, weight:   -5.69888898380000       7.051504396293692E-002
  0.999992831967077     
 walker epot, ekin, weight:   -5.69828435490000       7.020485424369569E-002
  0.999992692042165     
 walker epot, ekin, weight:   -5.69826763250000       7.015528412650728E-002
  0.999992623272596     
 walker epot, ekin, weight:   -5.69854194490000       6.860565281825669E-002
  0.999993025960105     
 walker epot, ekin, weight:   -5.69819231820000       6.870775036601089E-002
  0.999992864762289     
 walker epot, ekin, weight:   -5.69872468150000       6.914855615205069E-002
  0.999992739514496     
 walker epot, ekin, weight:   -5.69809009000000       6.775992911502063E-002
  0.999993077332193     
 walker epot, ekin, weight:   -5.69860816630000       7.053845296252330E-002
  0.999992884064739     
 walker epot, ekin, weight:   -5.69872744760000       7.042497525322204E-002
  0.999992814103745     
 walker epot, ekin, weight:   -5.69818444910000       6.582977415791684E-002
  0.999993289737769     
 walker epot, ekin, weight:   -5.69881282010000       6.957511364072531E-002
  0.999992715303425     
 walker epot, ekin, weight:   -5.69885537150000       7.006737581928495E-002
  0.999992871122816     
 walker epot, ekin, weight:   -5.69869878260000       7.074159315769282E-002
  0.999992626643785     
 walker epot, ekin, weight:   -5.69860200580000       6.955629940069530E-002
  0.999993034982043     
 walker epot, ekin, weight:   -5.69867752370000       6.802595273461171E-002
  0.999993183436042     
Step     3 of   200--------------------------------
 number of walkers =           20
 et =   -5.62920019898808     
 e0 =   -5.62920027021034     
 walker epot, ekin, weight:   -5.69905620670000       7.116035951650533E-002
  0.999992769533187     
 walker epot, ekin, weight:   -5.69890871480000       7.050374775491984E-002
  0.999992703210090     
 walker epot, ekin, weight:   -5.69738695300000       6.438718547147164E-002
  0.999993064725514     
 walker epot, ekin, weight:   -5.69889966490000       7.037130824315314E-002
  0.999993082903049     
 walker epot, ekin, weight:   -5.69849689090000       6.928764105161615E-002
  0.999992698440075     
 walker epot, ekin, weight:   -5.69887411310000       7.058662823024679E-002
  0.999992745019041     
 walker epot, ekin, weight:   -5.69768151120000       6.861311101953670E-002
  0.999992629417768     
 walker epot, ekin, weight:   -5.69792117840000       6.832210500608957E-002
  0.999992588824040     
 walker epot, ekin, weight:   -5.69792268750000       6.458063738809529E-002
  0.999993269855645     
 walker epot, ekin, weight:   -5.69757620750000       6.567990461125651E-002
  0.999993013784874     
 walker epot, ekin, weight:   -5.69880942810000       6.942840247338194E-002
  0.999992767351944     
 walker epot, ekin, weight:   -5.69830062000000       6.803072359621178E-002
  0.999993187314403     
 walker epot, ekin, weight:   -5.69821506200000       6.902857009839118E-002
  0.999992826855510     
 walker epot, ekin, weight:   -5.69821114260000       6.741830034824810E-002
  0.999992848849327     
 walker epot, ekin, weight:   -5.69811847970000       6.407284716339720E-002
  0.999993689730640     
 walker epot, ekin, weight:   -5.69820398190000       6.546870049432503E-002
  0.999992893931634     
 walker epot, ekin, weight:   -5.69880892570000       6.993083803769486E-002
  0.999992834407346     
 walker epot, ekin, weight:   -5.69828114640000       6.923344903006404E-002
  0.999992556868744     
 walker epot, ekin, weight:   -5.69820266840000       6.811415815647756E-002
  0.999993071672721     
 walker epot, ekin, weight:   -5.69821483110000       6.587309351818307E-002
  0.999993413080032     
Step     4 of   200--------------------------------
 number of walkers =           20
 et =   -5.63029986485438     
 e0 =   -5.63029993552675     
 walker epot, ekin, weight:   -5.69873498660000       6.946657094351370E-002
  0.999992597761101     
 walker epot, ekin, weight:   -5.69860489400000       6.930925132783880E-002
  0.999992558255159     
 walker epot, ekin, weight:   -5.69699085290000       6.179610428177332E-002
  0.999993444462275     
 walker epot, ekin, weight:   -5.69874749800000       6.953501364837796E-002
  0.999992939959613     
 walker epot, ekin, weight:   -5.69849723030000       6.931168845716784E-002
  0.999992588193985     
 walker epot, ekin, weight:   -5.69869365800000       6.883716423100769E-002
  0.999992622232386     
 walker epot, ekin, weight:   -5.69819610380000       6.944930762079894E-002
  0.999992490192136     
 walker epot, ekin, weight:   -5.69739030060000       6.629279298632974E-002
  0.999992593666569     
 walker epot, ekin, weight:   -5.69790556100000       6.416214641753666E-002
  0.999993594140264     
 walker epot, ekin, weight:   -5.69794162100000       6.466132355539857E-002
  0.999993242626833     
 walker epot, ekin, weight:   -5.69822161390000       6.999797468876708E-002
  0.999992617599795     
 walker epot, ekin, weight:   -5.69814462780000       6.690601240816227E-002
  0.999993232753199     
 walker epot, ekin, weight:   -5.69721973350000       6.521397113432487E-002
  0.999992856481526     
 walker epot, ekin, weight:   -5.69795315010000       6.448333223276111E-002
  0.999993031994554     
 walker epot, ekin, weight:   -5.69793273920000       6.160947947746677E-002
  0.999994178185804     
 walker epot, ekin, weight:   -5.69806704040000       6.563188125258197E-002
  0.999993122465578     
 walker epot, ekin, weight:   -5.69876664140000       6.993633049925686E-002
  0.999992689841835     
 walker epot, ekin, weight:   -5.69869348090000       7.083414773050911E-002
  0.999992372235176     
 walker epot, ekin, weight:   -5.69798149520000       6.748562537640967E-002
  0.999993070905244     
 walker epot, ekin, weight:   -5.69857630330000       6.765599121445448E-002
  0.999993546195162     
Step     5 of   200--------------------------------
 number of walkers =           20
 et =   -5.63103410171452     
 e0 =   -5.63103417201969     
 walker epot, ekin, weight:   -5.69829555420000       6.610946505861445E-002
  0.999992567076397     
 walker epot, ekin, weight:   -5.69807354370000       6.772679981110939E-002
  0.999992436965226     
 walker epot, ekin, weight:   -5.69759678720000       6.423041947395478E-002
  0.999993769105845     
 walker epot, ekin, weight:   -5.69876381350000       7.045568900752790E-002
  0.999992712581515     
 walker epot, ekin, weight:   -5.69794489570000       6.748299125107805E-002
  0.999992467157032     
 walker epot, ekin, weight:   -5.69835440450000       6.789425530662870E-002
  0.999992534655012     
 walker epot, ekin, weight:   -5.69805465630000       6.869922466632469E-002
  0.999992291894864     
 walker epot, ekin, weight:   -5.69703490750000       6.425808869471915E-002
  0.999992683972054     
 walker epot, ekin, weight:   -5.69708022140000       6.191303097661043E-002
  0.999993936258210     
 walker epot, ekin, weight:   -5.69812984460000       6.585187094475263E-002
  0.999993417129053     
 walker epot, ekin, weight:   -5.69752617690000       6.941709891297063E-002
  0.999992330827642     
 walker epot, ekin, weight:   -5.69765794060000       6.370242802320220E-002
  0.999993389048380     
 walker epot, ekin, weight:   -5.69771315080000       6.563418671594062E-002
  0.999992957306962     
 walker epot, ekin, weight:   -5.69765954570000       6.556068516080171E-002
  0.999993207017099     
 walker epot, ekin, weight:   -5.69795676740000       6.166347490355625E-002
  0.999994705600312     
 walker epot, ekin, weight:   -5.69783740050000       6.327272014245067E-002
  0.999993369045717     
 walker epot, ekin, weight:   -5.69852799360000       6.904695389680224E-002
  0.999992502000585     
 walker epot, ekin, weight:   -5.69878162160000       7.071685743319918E-002
  0.999992065032262     
 walker epot, ekin, weight:   -5.69821590620000       6.864021021956671E-002
  0.999992971074060     
 walker epot, ekin, weight:   -5.69796394310000       6.720184496414397E-002
  0.999993526905626     
Step     6 of   200--------------------------------
 number of walkers =           20
 et =   -5.63148447014824     
 e0 =   -5.63148454022816     
 walker epot, ekin, weight:   -5.69837327840000       6.639577384981628E-002
  0.999992626808624     
 walker epot, ekin, weight:   -5.69766442960000       6.547535372700188E-002
  0.999992415309363     
 walker epot, ekin, weight:   -5.69767688350000       6.659906023467253E-002
  0.999993842867923     
 walker epot, ekin, weight:   -5.69870201570000       6.942443871860177E-002
  0.999992443421572     
 walker epot, ekin, weight:   -5.69726929790000       6.603331403414142E-002
  0.999992403604914     
 walker epot, ekin, weight:   -5.69839621110000       6.692800573848393E-002
  0.999992482626115     
 walker epot, ekin, weight:   -5.69824484390000       7.034400119315275E-002
  0.999992006263809     
 walker epot, ekin, weight:   -5.69690020280000       6.408659700986512E-002
  0.999992815045319     
 walker epot, ekin, weight:   -5.69736150430000       6.254931098657870E-002
  0.999994286778318     
 walker epot, ekin, weight:   -5.69815395790000       6.590777444511783E-002
  0.999993494889385     
 walker epot, ekin, weight:   -5.69759996460000       6.791978421426051E-002
  0.999992071845565     
 walker epot, ekin, weight:   -5.69689418360000       5.886714465816724E-002
  0.999993839726063     
 walker epot, ekin, weight:   -5.69748056990000       6.451225312763147E-002
  0.999993061223264     
 walker epot, ekin, weight:   -5.69716774620000       6.417069246707528E-002
  0.999993313365081     
 walker epot, ekin, weight:   -5.69793320170000       6.090018008358836E-002
  0.999995223466395     
 walker epot, ekin, weight:   -5.69803835800000       6.433779321188400E-002
  0.999993633859238     
 walker epot, ekin, weight:   -5.69847703850000       6.860691519356731E-002
  0.999992321113093     
 walker epot, ekin, weight:   -5.69873818340000       7.041569685583648E-002
  0.999991735950448     
 walker epot, ekin, weight:   -5.69772973810000       6.615560618811218E-002
  0.999992880119083     
 walker epot, ekin, weight:   -5.69740887660000       6.766102775859245E-002
  0.999993403956764     
Step     7 of   200--------------------------------
 number of walkers =           20
 et =   -5.63194591995792     
 e0 =   -5.63194598980704     
 walker epot, ekin, weight:   -5.69813661880000       6.536574624140035E-002
  0.999992669635169     
 walker epot, ekin, weight:   -5.69736575540000       6.444670523387731E-002
  0.999992476123210     
 walker epot, ekin, weight:   -5.69754787140000       6.520790583133647E-002
  0.999993819165515     
 walker epot, ekin, weight:   -5.69864758940000       6.962934764749357E-002
  0.999992163622666     
 walker epot, ekin, weight:   -5.69738833640000       6.416370676617814E-002
  0.999992432043378     
 walker epot, ekin, weight:   -5.69792672960000       6.792324521616862E-002
  0.999992361619524     
 walker epot, ekin, weight:   -5.69765297430000       6.781176211163638E-002
  0.999991698777063     
 walker epot, ekin, weight:   -5.69611312370000       6.481671907431592E-002
