SLURM_NTASKS: 1
SLURM_NTASKS_PER_NODE: 1
SLURM_CPUS_PER_TASK: 1
 delta_t =    10.0000000000000     
 hessian: 
 
  0.2503E-04, -0.1202E-12, -0.7563E-08, -0.3769E-05, -0.4897E-12, -0.2002E-07, -0.4159E-04,  0.4503E-10,  0.1220E-04, -0.1620E-04, -0.1476E-04, -0.6043E-05, -0.1620E-04,  0.1476E-04, -0.6043E-05,  0.3985E-06,  0.9547E-09,  0.5137E-05,  0.9116E-07,  0.1630E-06, -0.2578E-05,  0.9193E-07, -0.1621E-06, -0.2578E-05
 -0.1202E-12,  0.2502E-04, -0.3550E-09, -0.2245E-12, -0.3769E-05, -0.7273E-09, -0.8691E-12, -0.7662E-05,  0.1056E-09, -0.1476E-04, -0.3316E-04, -0.1044E-04,  0.1476E-04, -0.3316E-04,  0.1044E-04, -0.6728E-10,  0.5576E-08,  0.4007E-09,  0.1499E-06,  0.2893E-06, -0.4454E-05, -0.1493E-06,  0.2885E-06,  0.4455E-05
 -0.7563E-08, -0.3550E-09,  0.2213E-04, -0.2004E-07, -0.7272E-09, -0.1017E-04,  0.1219E-04,  0.2387E-09, -0.1190E-04, -0.6036E-05, -0.1043E-04, -0.1179E-04, -0.6036E-05,  0.1043E-04, -0.1179E-04,  0.2535E-06,  0.1254E-09, -0.1963E-05, -0.1361E-06, -0.2252E-06, -0.1935E-05, -0.1372E-06,  0.2275E-06, -0.1936E-05
 -0.3769E-05, -0.2245E-12, -0.2004E-07,  0.2503E-04, -0.3355E-12, -0.7874E-08,  0.4008E-06,  0.9545E-09,  0.5137E-05,  0.9207E-07,  0.1641E-06, -0.2577E-05,  0.9284E-07, -0.1632E-06, -0.2578E-05, -0.4159E-04,  0.4563E-10,  0.1220E-04, -0.1620E-04, -0.1476E-04, -0.6043E-05, -0.1620E-04,  0.1476E-04, -0.6043E-05
 -0.4897E-12, -0.3769E-05, -0.7272E-09, -0.3355E-12,  0.2502E-04, -0.3550E-09,  0.1848E-11,  0.5575E-08,  0.4004E-09,  0.1499E-06,  0.2893E-06, -0.4454E-05, -0.1493E-06,  0.2885E-06,  0.4455E-05, -0.1182E-10, -0.7662E-05,  0.1049E-09, -0.1476E-04, -0.3316E-04, -0.1044E-04,  0.1476E-04, -0.3316E-04,  0.1044E-04
 -0.2002E-07, -0.7273E-09, -0.1017E-04, -0.7874E-08, -0.3550E-09,  0.2213E-04,  0.2530E-06,  0.1254E-09, -0.1963E-05, -0.1361E-06, -0.2252E-06, -0.1935E-05, -0.1372E-06,  0.2275E-06, -0.1936E-05,  0.1219E-04,  0.2386E-09, -0.1190E-04, -0.6036E-05, -0.1043E-04, -0.1179E-04, -0.6036E-05,  0.1043E-04, -0.1179E-04
 -0.4159E-04, -0.8691E-12,  0.1219E-04,  0.4008E-06,  0.1848E-11,  0.2530E-06,  0.1508E-03, -0.5799E-09, -0.4800E-04, -0.4995E-05,  0.2010E-05,  0.2773E-05, -0.4996E-05, -0.2010E-05,  0.2773E-05,  0.8970E-06, -0.1404E-08, -0.4246E-06,  0.2782E-06,  0.5519E-08, -0.4647E-07,  0.2762E-06, -0.7437E-08, -0.4524E-07
  0.4503E-10, -0.7662E-05,  0.2387E-09,  0.9545E-09,  0.5575E-08,  0.1254E-09, -0.5799E-09,  0.2348E-04,  0.1995E-09, -0.1247E-04,  0.1059E-05,  0.4979E-05,  0.1247E-04,  0.1059E-05, -0.4979E-05, -0.1380E-08,  0.5547E-06,  0.3967E-09,  0.2237E-06,  0.1447E-06,  0.1330E-06, -0.2255E-06,  0.1467E-06, -0.1343E-06
  0.1220E-04,  0.1056E-09, -0.1190E-04,  0.5137E-05,  0.4004E-09, -0.1963E-05, -0.4800E-04,  0.1995E-09,  0.4591E-04, -0.5634E-05,  0.8024E-07,  0.1589E-05, -0.5633E-05, -0.8065E-07,  0.1590E-05, -0.4269E-06,  0.3968E-09, -0.3175E-05, -0.9074E-07,  0.1087E-06,  0.9802E-06, -0.8938E-07, -0.1092E-06,  0.9803E-06
 -0.1620E-04, -0.1476E-04, -0.6036E-05,  0.9207E-07,  0.1499E-06, -0.1361E-06, -0.4995E-05, -0.1247E-04, -0.5634E-05,  0.5553E-04,  0.5538E-04,  0.2381E-04,  0.4099E-05,  0.7262E-05,  0.2893E-05,  0.2785E-06,  0.2237E-06, -0.9074E-07,  0.6423E-06,  0.1514E-06,  0.1954E-06,  0.7935E-07, -0.1093E-06,  0.1431E-06
 -0.1476E-04, -0.3316E-04, -0.1043E-04,  0.1641E-06,  0.2893E-06, -0.2252E-06,  0.2010E-05,  0.1059E-05,  0.8024E-07,  0.5538E-04,  0.1192E-03,  0.4112E-04, -0.7263E-05, -0.8015E-05, -0.4831E-05,  0.4978E-08,  0.1447E-06,  0.1087E-06,  0.1514E-06,  0.8147E-06,  0.3589E-06,  0.1085E-06,  0.3429E-06, -0.2590E-07
 -0.6043E-05, -0.1044E-04, -0.1179E-04, -0.2577E-05, -0.4454E-05, -0.1935E-05,  0.2773E-05,  0.4979E-05,  0.1589E-05,  0.2381E-04,  0.4112E-04,  0.4546E-04,  0.2893E-05,  0.4831E-05,  0.1563E-05, -0.4697E-07,  0.1330E-06,  0.9802E-06,  0.1954E-06,  0.3589E-06, -0.3176E-05,  0.1434E-06,  0.2432E-07,  0.9800E-06
 -0.1620E-04,  0.1476E-04, -0.6036E-05,  0.9284E-07, -0.1493E-06, -0.1372E-06, -0.4996E-05,  0.1247E-04, -0.5633E-05,  0.4099E-05, -0.7263E-05,  0.2893E-05,  0.5553E-04, -0.5539E-04,  0.2381E-04,  0.2764E-06, -0.2255E-06, -0.8938E-07,  0.7935E-07,  0.1085E-06,  0.1434E-06,  0.6424E-06, -0.1532E-06,  0.1970E-06
  0.1476E-04, -0.3316E-04,  0.1043E-04, -0.1632E-06,  0.2885E-06,  0.2275E-06, -0.2010E-05,  0.1059E-05, -0.8065E-07,  0.7262E-05, -0.8015E-05,  0.4831E-05, -0.5539E-04,  0.1192E-03, -0.4112E-04, -0.6697E-08,  0.1467E-06, -0.1092E-06, -0.1093E-06,  0.3429E-06,  0.2432E-07, -0.1532E-06,  0.8175E-06, -0.3618E-06
 -0.6043E-05,  0.1044E-04, -0.1179E-04, -0.2578E-05,  0.4455E-05, -0.1936E-05,  0.2773E-05, -0.4979E-05,  0.1590E-05,  0.2893E-05, -0.4831E-05,  0.1563E-05,  0.2381E-04, -0.4112E-04,  0.4546E-04, -0.4582E-07, -0.1343E-06,  0.9803E-06,  0.1431E-06, -0.2590E-07,  0.9800E-06,  0.1970E-06, -0.3618E-06, -0.3174E-05
  0.3985E-06, -0.6728E-10,  0.2535E-06, -0.4159E-04, -0.1182E-10,  0.1219E-04,  0.8970E-06, -0.1380E-08, -0.4269E-06,  0.2785E-06,  0.4978E-08, -0.4697E-07,  0.2764E-06, -0.6697E-08, -0.4582E-07,  0.1508E-03, -0.5752E-09, -0.4800E-04, -0.4995E-05,  0.2010E-05,  0.2773E-05, -0.4996E-05, -0.2010E-05,  0.2772E-05
  0.9547E-09,  0.5576E-08,  0.1254E-09,  0.4563E-10, -0.7662E-05,  0.2386E-09, -0.1404E-08,  0.5547E-06,  0.3968E-09,  0.2237E-06,  0.1447E-06,  0.1330E-06, -0.2255E-06,  0.1467E-06, -0.1343E-06, -0.5752E-09,  0.2348E-04,  0.2010E-09, -0.1247E-04,  0.1059E-05,  0.4979E-05,  0.1247E-04,  0.1059E-05, -0.4979E-05
  0.5137E-05,  0.4007E-09, -0.1963E-05,  0.1220E-04,  0.1049E-09, -0.1190E-04, -0.4246E-06,  0.3967E-09, -0.3175E-05, -0.9074E-07,  0.1087E-06,  0.9802E-06, -0.8938E-07, -0.1092E-06,  0.9803E-06, -0.4800E-04,  0.2010E-09,  0.4591E-04, -0.5634E-05,  0.8024E-07,  0.1589E-05, -0.5633E-05, -0.8065E-07,  0.1590E-05
  0.9116E-07,  0.1499E-06, -0.1361E-06, -0.1620E-04, -0.1476E-04, -0.6036E-05,  0.2782E-06,  0.2237E-06, -0.9074E-07,  0.6423E-06,  0.1514E-06,  0.1954E-06,  0.7935E-07, -0.1093E-06,  0.1431E-06, -0.4995E-05, -0.1247E-04, -0.5634E-05,  0.5553E-04,  0.5538E-04,  0.2381E-04,  0.4099E-05,  0.7262E-05,  0.2893E-05
  0.1630E-06,  0.2893E-06, -0.2252E-06, -0.1476E-04, -0.3316E-04, -0.1043E-04,  0.5519E-08,  0.1447E-06,  0.1087E-06,  0.1514E-06,  0.8147E-06,  0.3589E-06,  0.1085E-06,  0.3429E-06, -0.2590E-07,  0.2010E-05,  0.1059E-05,  0.8024E-07,  0.5538E-04,  0.1192E-03,  0.4112E-04, -0.7263E-05, -0.8014E-05, -0.4831E-05
 -0.2578E-05, -0.4454E-05, -0.1935E-05, -0.6043E-05, -0.1044E-04, -0.1179E-04, -0.4647E-07,  0.1330E-06,  0.9802E-06,  0.1954E-06,  0.3589E-06, -0.3176E-05,  0.1434E-06,  0.2432E-07,  0.9800E-06,  0.2773E-05,  0.4979E-05,  0.1589E-05,  0.2381E-04,  0.4112E-04,  0.4546E-04,  0.2893E-05,  0.4831E-05,  0.1563E-05
  0.9193E-07, -0.1493E-06, -0.1372E-06, -0.1620E-04,  0.1476E-04, -0.6036E-05,  0.2762E-06, -0.2255E-06, -0.8938E-07,  0.7935E-07,  0.1085E-06,  0.1434E-06,  0.6424E-06, -0.1532E-06,  0.1970E-06, -0.4996E-05,  0.1247E-04, -0.5633E-05,  0.4099E-05, -0.7263E-05,  0.2893E-05,  0.5553E-04, -0.5539E-04,  0.2381E-04
 -0.1621E-06,  0.2885E-06,  0.2275E-06,  0.1476E-04, -0.3316E-04,  0.1043E-04, -0.7437E-08,  0.1467E-06, -0.1092E-06, -0.1093E-06,  0.3429E-06,  0.2432E-07, -0.1532E-06,  0.8175E-06, -0.3618E-06, -0.2010E-05,  0.1059E-05, -0.8065E-07,  0.7262E-05, -0.8014E-05,  0.4831E-05, -0.5539E-04,  0.1192E-03, -0.4112E-04
 -0.2578E-05,  0.4455E-05, -0.1936E-05, -0.6043E-05,  0.1044E-04, -0.1179E-04, -0.4524E-07, -0.1343E-06,  0.9803E-06,  0.1431E-06, -0.2590E-07,  0.9800E-06,  0.1970E-06, -0.3618E-06, -0.3174E-05,  0.2772E-05, -0.4979E-05,  0.1590E-05,  0.2893E-05, -0.4831E-05,  0.1563E-05,  0.2381E-04, -0.4112E-04,  0.4546E-04
 
 eigenvalues_full: 
 
 -0.2808E-08
 -0.1322E-08
 -0.3670E-09
 -0.1724E-12
 -0.1346E-12
 -0.3640E-13
  0.1592E-05
  0.1499E-04
  0.1500E-04
  0.2166E-04
  0.3129E-04
  0.3130E-04
  0.3947E-04
  0.4125E-04
  0.4290E-04
  0.4291E-04
  0.4379E-04
  0.4379E-04
  0.1714E-03
  0.1733E-03
  0.1864E-03
  0.1864E-03
  0.1890E-03
  0.1890E-03
 
 eigenvectors: 
 
 -0.1673E-02, -0.5272    , -0.9814E-03,  0.3817E-01,  0.4278    , -0.4618    , -0.2056E-05, -0.7983E-03,  0.1606    , -0.2001E-02,  0.7357E-03, -0.4143    , -0.8982E-03,  0.1330E-02, -0.5535E-02,  0.6915E-01,  0.4278E-01, -0.1577    , -0.3837E-03,  0.2628E-03, -0.1105    ,  0.1874    , -0.1893    , -0.1101    
 -0.4522    ,  0.8780E-03,  0.2677    ,  0.2416    ,  0.4183    ,  0.4076    , -0.1240E-04, -0.1606    , -0.7875E-03, -0.1850E-04, -0.4143    , -0.7299E-03, -0.2352E-04, -0.1132E-04,  0.6926E-01,  0.5552E-02,  0.1577    ,  0.4277E-01,  0.8173E-05,  0.6324E-04,  0.1873    ,  0.1105    , -0.1101    ,  0.1894    
 -0.6827E-05,  0.1686E-02,  0.2290E-05, -0.5828    ,  0.2016    ,  0.1386    ,  0.1867E-05,  0.7218E-05, -0.5432E-03, -0.5775    ,  0.1910E-04,  0.1700E-02, -0.2922    ,  0.3882    ,  0.5720E-04, -0.1250E-04, -0.1594E-03,  0.4514E-03, -0.1260    ,  0.1226    ,  0.3315E-03, -0.5422E-03,  0.5555E-03,  0.2709E-03
  0.1630E-02,  0.5239    ,  0.1103E-02,  0.3840E-01,  0.4297    , -0.4638    , -0.2022E-05, -0.7980E-03,  0.1606    ,  0.1990E-02, -0.7357E-03,  0.4143    , -0.8822E-03, -0.1309E-02,  0.5538E-02, -0.6918E-01,  0.4277E-01, -0.1577    ,  0.3990E-03,  0.3130E-03,  0.1104    , -0.1872    , -0.1895    , -0.1102    
  0.4522    , -0.8949E-03, -0.2678    ,  0.2416    ,  0.4184    ,  0.4075    , -0.1253E-04, -0.1606    , -0.7874E-03,  0.1849E-04,  0.4143    ,  0.7298E-03, -0.2343E-04,  0.1187E-04, -0.6926E-01, -0.5554E-02,  0.1577    ,  0.4277E-01, -0.6825E-05,  0.6211E-04, -0.1873    , -0.1105    , -0.1101    ,  0.1894    
 -0.3667E-04, -0.1624E-02, -0.2036E-04, -0.5828    ,  0.2016    ,  0.1386    ,  0.1867E-05,  0.7078E-05, -0.5199E-03,  0.5775    , -0.1898E-04, -0.1685E-02, -0.2923    , -0.3881    , -0.5590E-04,  0.1641E-05, -0.1482E-03,  0.4145E-03,  0.1259    ,  0.1228    , -0.3475E-03,  0.5681E-03,  0.5635E-03,  0.2747E-03
 -0.7347E-03, -0.2327    , -0.4473E-03,  0.1103E-01,  0.1237    , -0.1336    ,  0.3004E-05,  0.7521E-03, -0.1516    , -0.2323E-01, -0.7834E-04,  0.4586E-01,  0.1591    , -0.1568    , -0.9693E-02,  0.1207    ,  0.3299E-01, -0.1216    , -0.3765    ,  0.3761    ,  0.2604    , -0.4415    ,  0.4413    ,  0.2565    
 -0.4073    ,  0.1737E-02, -0.2332    ,  0.6999E-01,  0.1211    ,  0.1180    , -0.4082    ,  0.2195    ,  0.1080E-02,  0.2201E-06,  0.2188    ,  0.3758E-03,  0.5381E-04,  0.7336E-04, -0.4798    , -0.3847E-01, -0.4841    , -0.1313    ,  0.6882E-05,  0.3937E-05,  0.9313E-02,  0.5481E-02, -0.3534E-02,  0.6049E-02
 -0.6434E-03, -0.2039    , -0.4061E-03, -0.1688    ,  0.5801E-01,  0.4052E-01, -0.1189E-05,  0.2448E-02, -0.4949    , -0.2342    , -0.7194E-03,  0.4109    ,  0.3360    , -0.3035    , -0.2318E-01,  0.2884    ,  0.5744E-01, -0.2116    ,  0.1408    , -0.1425    , -0.1005    ,  0.1703    , -0.1735    , -0.1008    
 -0.1804    , -0.2306    , -0.3049    ,  0.1105E-01,  0.1237    , -0.1336    , -0.3536    , -0.3041E-01, -0.2016    ,  0.1057E-01, -0.7681E-01,  0.1746    , -0.7802E-01,  0.7696E-01,  0.2853    , -0.3095    ,  0.1711    ,  0.4041    ,  0.1889    , -0.1886    , -0.1346    , -0.2194    ,  0.2194    , -0.1327    
 -0.9530E-01, -0.2855E-03,  0.2937    ,  0.6998E-01,  0.1211    ,  0.1180    ,  0.2041    ,  0.1673    ,  0.3090E-01,  0.1949E-01,  0.8833E-01, -0.7526E-01, -0.1368    ,  0.1348    , -0.5085E-01,  0.2573    ,  0.4075E-01, -0.2703    ,  0.3263    , -0.3258    , -0.2138    , -0.3896    ,  0.3860    , -0.2171    
  0.1534    ,  0.1028    , -0.8915E-01, -0.1687    ,  0.5856E-01,  0.3991E-01,  0.1122E-02, -0.4301    ,  0.2462    , -0.2347    , -0.3554    , -0.2067    ,  0.3366    , -0.3038    , -0.2395    , -0.1636    , -0.2128    ,  0.5503E-01,  0.1390    , -0.1406    , -0.9603E-01, -0.1701    ,  0.1721    , -0.9861E-01
  0.1789    , -0.2330    ,  0.3041    ,  0.1104E-01,  0.1237    , -0.1335    ,  0.3536    ,  0.3240E-01, -0.2013    ,  0.1058E-01,  0.7618E-01,  0.1748    , -0.7796E-01,  0.7702E-01, -0.2324    , -0.3510    , -0.3518    ,  0.2623    ,  0.1889    , -0.1884    ,  0.2571    ,  0.1167E-01, -0.6886E-02,  0.2564    
 -0.9531E-01, -0.2889E-03,  0.2937    ,  0.6997E-01,  0.1211    ,  0.1180    ,  0.2041    ,  0.1676    , -0.2924E-01, -0.1948E-01,  0.8807E-01,  0.7557E-01,  0.1368    , -0.1348    , -0.9261E-02, -0.2621    , -0.1013    ,  0.2538    , -0.3264    ,  0.3256    , -0.4444    ,  0.1407E-02, -0.2128E-02, -0.4430    
 -0.1528    ,  0.1034    ,  0.8955E-01, -0.1687    ,  0.5855E-01,  0.3994E-01, -0.1127E-02,  0.4277    ,  0.2505    , -0.2346    ,  0.3562    , -0.2055    ,  0.3366    , -0.3038    ,  0.2624    , -0.1234    ,  0.1559    ,  0.1550    ,  0.1390    , -0.1405    ,  0.1953    ,  0.1728E-02, -0.6018E-03,  0.1985    
  0.7224E-03,  0.2318    ,  0.4825E-03,  0.1113E-01,  0.1246    , -0.1345    ,  0.3016E-05,  0.7521E-03, -0.1516    ,  0.2323E-01,  0.7822E-04, -0.4587E-01,  0.1591    ,  0.1567    ,  0.9694E-02, -0.1207    ,  0.3298E-01, -0.1216    ,  0.3761    ,  0.3763    , -0.2602    ,  0.4412    ,  0.4418    ,  0.2567    
  0.4073    , -0.1743E-02,  0.2332    ,  0.6996E-01,  0.1211    ,  0.1180    , -0.4082    ,  0.2195    ,  0.1080E-02, -0.2079E-06, -0.2188    , -0.3756E-03,  0.5437E-04, -0.7487E-04,  0.4798    ,  0.3848E-01, -0.4841    , -0.1313    , -0.6750E-05,  0.3812E-05, -0.9313E-02, -0.5480E-02, -0.3534E-02,  0.6049E-02
  0.6308E-03,  0.2039    ,  0.4008E-03, -0.1687    ,  0.5874E-01,  0.3973E-01, -0.1169E-05,  0.2448E-02, -0.4949    ,  0.2342    ,  0.7193E-03, -0.4109    ,  0.3361    ,  0.3034    ,  0.2319E-01, -0.2885    ,  0.5741E-01, -0.2115    , -0.1407    , -0.1426    ,  0.1004    , -0.1702    , -0.1736    , -0.1009    
  0.1804    ,  0.2297    ,  0.3050    ,  0.1113E-01,  0.1246    , -0.1344    , -0.3535    , -0.3041E-01, -0.2016    , -0.1056E-01,  0.7681E-01, -0.1746    , -0.7806E-01, -0.7697E-01, -0.2854    ,  0.3095    ,  0.1711    ,  0.4040    , -0.1887    , -0.1888    ,  0.1347    ,  0.2192    ,  0.2195    , -0.1327    
  0.9530E-01,  0.2813E-03, -0.2937    ,  0.6998E-01,  0.1212    ,  0.1180    ,  0.2041    ,  0.1673    ,  0.3090E-01, -0.1949E-01, -0.8833E-01,  0.7526E-01, -0.1368    , -0.1348    ,  0.5086E-01, -0.2573    ,  0.4074E-01, -0.2702    , -0.3261    , -0.3262    ,  0.2139    ,  0.3894    ,  0.3862    , -0.2171    
 -0.1534    , -0.1027    ,  0.8914E-01, -0.1688    ,  0.5818E-01,  0.4033E-01,  0.1122E-02, -0.4301    ,  0.2462    ,  0.2347    ,  0.3554    ,  0.2067    ,  0.3367    ,  0.3037    ,  0.2395    ,  0.1637    , -0.2128    ,  0.5504E-01, -0.1389    , -0.1408    ,  0.9609E-01,  0.1700    ,  0.1722    , -0.9859E-01
 -0.1790    ,  0.2320    , -0.3040    ,  0.1114E-01,  0.1246    , -0.1345    ,  0.3535    ,  0.3240E-01, -0.2013    , -0.1058E-01, -0.7618E-01, -0.1748    , -0.7801E-01, -0.7703E-01,  0.2324    ,  0.3511    , -0.3517    ,  0.2622    , -0.1887    , -0.1886    , -0.2570    , -0.1178E-01, -0.6801E-02,  0.2565    
  0.9530E-01,  0.2828E-03, -0.2937    ,  0.6997E-01,  0.1212    ,  0.1180    ,  0.2041    ,  0.1676    , -0.2924E-01,  0.1948E-01, -0.8807E-01, -0.7558E-01,  0.1369    ,  0.1348    ,  0.9257E-02,  0.2621    , -0.1013    ,  0.2538    ,  0.3261    ,  0.3260    ,  0.4443    , -0.1210E-02, -0.2293E-02, -0.4431    
  0.1528    , -0.1034    , -0.8956E-01, -0.1688    ,  0.5820E-01,  0.4031E-01, -0.1127E-02,  0.4277    ,  0.2505    ,  0.2346    , -0.3562    ,  0.2054    ,  0.3367    ,  0.3037    , -0.2624    ,  0.1234    ,  0.1559    ,  0.1550    , -0.1389    , -0.1407    , -0.1953    , -0.1817E-02, -0.5306E-03,  0.1985    
 
 delta(i,j): 
 
   1.000    , -0.7286E-16, -0.2255E-15, -0.1284E-15,  0.2897E-15,  0.1258E-15, -0.5697E-16, -0.1804E-15,  0.2776E-16, -0.4788E-15,  0.8327E-16, -0.1388E-16, -0.9021E-16,  0.4857E-16,  0.1388E-15,  0.9368E-16,  0.1388E-15,  0.7633E-16,  0.1388E-15,  0.1735E-16,  0.2776E-16, -0.2694E-16,  0.1474E-15,  0.1700E-15
 -0.7286E-16,   1.000    , -0.8153E-16,  0.3608E-15,  0.9281E-16, -0.7026E-16, -0.2841E-16,  0.2776E-16, -0.9714E-16,  0.7286E-16,  0.2776E-16,  0.2359E-15,  0.6939E-16,  0.2776E-16, -0.4857E-16, -0.1926E-15, -0.9368E-16, -0.1492E-15, -0.4337E-16, -0.1700E-15,  0.4857E-16, -0.1750E-15, -0.9771E-17, -0.9368E-16
 -0.2255E-15, -0.8153E-16,   1.000    , -0.1821E-15,  0.1648E-16, -0.1475E-15, -0.8094E-16,  0.1249E-15,  0.2082E-16, -0.1735E-16, -0.1665E-15,  0.1318E-15,  0.1527E-15,  0.1735E-16,  0.2082E-16, -0.3105E-15, -0.5204E-16,  0.1162E-15, -0.8500E-16, -0.3469E-16, -0.5551E-16, -0.5890E-16,  0.1889E-15,  0.1249E-15
 -0.1284E-15,  0.3608E-15, -0.1821E-15,   1.000    ,  0.3018E-15,  0.7546E-16, -0.5521E-16, -0.2776E-16,  0.4857E-16, -0.3469E-16, -0.1388E-15, -0.4857E-16, -0.3053E-15, -0.2498E-15, -0.4163E-16, -0.6939E-16,  0.4163E-16, -0.2082E-16, -0.4857E-16, -0.1249E-15,  0.9714E-16,  0.1465E-15,  0.1061E-15, -0.6939E-16
  0.2897E-15,  0.9281E-16,  0.1648E-16,  0.3018E-15,   1.000    ,  0.1362E-15, -0.1315E-15, -0.3469E-17,  0.6939E-17, -0.7459E-16,  0.1388E-16,  0.2776E-15, -0.2776E-16,  0.1006E-15, -0.1284E-15, -0.2255E-15, -0.6765E-16,  0.2429E-16,  0.1128E-15,  0.1023E-15,  0.6592E-16, -0.7318E-18, -0.3443E-15, -0.1856E-15
  0.1258E-15, -0.7026E-16, -0.1475E-15,  0.7546E-16,  0.1362E-15,   1.000    , -0.9297E-16,  0.1110E-15, -0.1978E-15, -0.1527E-15,  0.1197E-15, -0.3816E-16,  0.2082E-16,  0.2082E-16, -0.5204E-16,  0.3209E-16, -0.1180E-15, -0.6852E-16,  0.2168E-16,  0.1509E-15, -0.6072E-16, -0.1835E-16,  0.2137E-15, -0.1128E-15
 -0.5697E-16, -0.2841E-16, -0.8094E-16, -0.5521E-16, -0.1315E-15, -0.9297E-16,   1.000    ,  0.1271E-15,  0.9975E-17,  0.3067E-15, -0.1321E-15, -0.8847E-16, -0.4299E-16, -0.3430E-15,  0.1426E-15, -0.1599E-16,  0.1246E-15, -0.1769E-15, -0.1190E-15,  0.1839E-15,  0.2559E-16,  0.7109E-16, -0.2400E-15, -0.5313E-17
 -0.1804E-15,  0.2776E-16,  0.1249E-15, -0.2776E-16, -0.3469E-17,  0.1110E-15,  0.1271E-15,   1.000    , -0.3469E-15, -0.1110E-15, -0.2498E-15, -0.6939E-16,  0.2776E-16, -0.3331E-15,  0.2776E-15,  0.9714E-16, -0.4163E-15, -0.3747E-15,  0.2776E-16, -0.2082E-15,  0.3469E-15, -0.3394E-16,  0.1953E-15, -0.1665E-15
  0.2776E-16, -0.9714E-16,  0.2082E-16,  0.4857E-16,  0.6939E-17, -0.1978E-15,  0.9975E-17, -0.3469E-15,   1.000    , -0.1388E-16, -0.1388E-15,  0.6106E-15, -0.2359E-15, -0.3469E-15, -0.8327E-16,  0.4510E-16, -0.9714E-16, -0.1180E-15,  0.1388E-16,  0.1804E-15,  0.2151E-15,  0.2611E-15, -0.1935E-16,  0.1110E-15
 -0.4788E-15,  0.7286E-16, -0.1735E-16, -0.3469E-16, -0.7459E-16, -0.1527E-15,  0.3067E-15, -0.1110E-15, -0.1388E-16,   1.000    ,  0.4580E-15, -0.4233E-15,  0.4163E-15, -0.6939E-16,  0.1249E-15, -0.2637E-15,  0.2220E-15, -0.7633E-16,  0.6245E-16, -0.1041E-15, -0.3469E-16, -0.4863E-16, -0.2206E-16, -0.2637E-15
  0.8327E-16,  0.2776E-16, -0.1665E-15, -0.1388E-15,  0.1388E-16,  0.1197E-15, -0.1321E-15, -0.2498E-15, -0.1388E-15,  0.4580E-15,   1.000    ,  0.4163E-16,  0.2498E-15, -0.1665E-15,  0.2498E-15, -0.9714E-16, -0.2498E-15, -0.3469E-15,  0.2359E-15,  0.3469E-16,  0.1665E-15, -0.1425E-15, -0.9888E-16,  0.2776E-15
 -0.1388E-16,  0.2359E-15,  0.1318E-15, -0.4857E-16,  0.2776E-15, -0.3816E-16, -0.8847E-16, -0.6939E-16,  0.6106E-15, -0.4233E-15,  0.4163E-16,   1.000    , -0.1110E-15, -0.3747E-15,   0.000    ,  0.2533E-15,  0.1735E-15,  0.1943E-15,  0.2082E-16,  0.1561E-15, -0.1457E-15,  0.5378E-16,  0.3127E-15, -0.1457E-15
 -0.9021E-16,  0.6939E-16,  0.1527E-15, -0.3053E-15, -0.2776E-16,  0.2082E-16, -0.4299E-16,  0.2776E-16, -0.2359E-15,  0.4163E-15,  0.2498E-15, -0.1110E-15,   1.000    , -0.6939E-16, -0.2220E-15, -0.1318E-15,  0.2914E-15,  0.2776E-15, -0.2012E-15, -0.4857E-16, -0.2776E-16, -0.8023E-16, -0.3286E-15, -0.2082E-15
  0.4857E-16,  0.2776E-16,  0.1735E-16, -0.2498E-15,  0.1006E-15,  0.2082E-16, -0.3430E-15, -0.3331E-15, -0.3469E-15, -0.6939E-16, -0.1665E-15, -0.3747E-15, -0.6939E-16,   1.000    , -0.2776E-16,  0.9021E-16,  0.3955E-15,  0.2359E-15, -0.5551E-16, -0.3608E-15,  0.7633E-16, -0.7958E-16,  0.1533E-15, -0.4163E-16
  0.1388E-15, -0.4857E-16,  0.2082E-16, -0.4163E-16, -0.1284E-15, -0.5204E-16,  0.1426E-15,  0.2776E-15, -0.8327E-16,  0.1249E-15,  0.2498E-15,   0.000    , -0.2220E-15, -0.2776E-16,   1.000    ,  0.1388E-16,  0.3053E-15,  0.2706E-15,  0.9021E-16,  0.4163E-16, -0.1041E-15, -0.7232E-16, -0.6736E-16, -0.1665E-15
  0.9368E-16, -0.1926E-15, -0.3105E-15, -0.6939E-16, -0.2255E-15,  0.3209E-16, -0.1599E-16,  0.9714E-16,  0.4510E-16, -0.2637E-15, -0.9714E-16,  0.2533E-15, -0.1318E-15,  0.9021E-16,  0.1388E-16,   1.000    , -0.2186E-15,  0.1318E-15,  0.1804E-15,  0.4857E-16,  0.4580E-15, -0.6996E-16,  0.9189E-17,  0.1145E-15
  0.1388E-15, -0.9368E-16, -0.5204E-16,  0.4163E-16, -0.6765E-16, -0.1180E-15,  0.1246E-15, -0.4163E-15, -0.9714E-16,  0.2220E-15, -0.2498E-15,  0.1735E-15,  0.2914E-15,  0.3955E-15,  0.3053E-15, -0.2186E-15,   1.000    , -0.4510E-16, -0.2047E-15,  0.1006E-15,  0.6939E-16,  0.7091E-16, -0.2434E-16,  0.9714E-16
  0.7633E-16, -0.1492E-15,  0.1162E-15, -0.2082E-16,  0.2429E-16, -0.6852E-16, -0.1769E-15, -0.3747E-15, -0.1180E-15, -0.7633E-16, -0.3469E-15,  0.1943E-15,  0.2776E-15,  0.2359E-15,  0.2706E-15,  0.1318E-15, -0.4510E-16,   1.000    ,  0.2741E-15,  0.1318E-15,  0.1561E-15,  0.2396E-16,  0.1505E-15, -0.1769E-15
  0.1388E-15, -0.4337E-16, -0.8500E-16, -0.4857E-16,  0.1128E-15,  0.2168E-16, -0.1190E-15,  0.2776E-16,  0.1388E-16,  0.6245E-16,  0.2359E-15,  0.2082E-16, -0.2012E-15, -0.5551E-16,  0.9021E-16,  0.1804E-15, -0.2047E-15,  0.2741E-15,   1.000    ,  0.8500E-15,  0.9888E-15, -0.9980E-16,  0.1477E-17,  0.3678E-15
  0.1735E-16, -0.1700E-15, -0.3469E-16, -0.1249E-15,  0.1023E-15,  0.1509E-15,  0.1839E-15, -0.2082E-15,  0.1804E-15, -0.1041E-15,  0.3469E-16,  0.1561E-15, -0.4857E-16, -0.3608E-15,  0.4163E-16,  0.4857E-16,  0.1006E-15,  0.1318E-15,  0.8500E-15,   1.000    ,  0.8049E-15,  0.3415E-16, -0.2972E-15, -0.3088E-15
  0.2776E-16,  0.4857E-16, -0.5551E-16,  0.9714E-16,  0.6592E-16, -0.6072E-16,  0.2559E-16,  0.3469E-15,  0.2151E-15, -0.3469E-16,  0.1665E-15, -0.1457E-15, -0.2776E-16,  0.7633E-16, -0.1041E-15,  0.4580E-15,  0.6939E-16,  0.1561E-15,  0.9888E-15,  0.8049E-15,   1.000    , -0.2379E-15, -0.1116E-15, -0.5135E-15
 -0.2694E-16, -0.1750E-15, -0.5890E-16,  0.1465E-15, -0.7318E-18, -0.1835E-16,  0.7109E-16, -0.3394E-16,  0.2611E-15, -0.4863E-16, -0.1425E-15,  0.5378E-16, -0.8023E-16, -0.7958E-16, -0.7232E-16, -0.6996E-16,  0.7091E-16,  0.2396E-16, -0.9980E-16,  0.3415E-16, -0.2379E-15,   1.000    , -0.7388E-15, -0.2651E-16
  0.1474E-15, -0.9771E-17,  0.1889E-15,  0.1061E-15, -0.3443E-15,  0.2137E-15, -0.2400E-15,  0.1953E-15, -0.1935E-16, -0.2206E-16, -0.9888E-16,  0.3127E-15, -0.3286E-15,  0.1533E-15, -0.6736E-16,  0.9189E-17, -0.2434E-16,  0.1505E-15,  0.1477E-17, -0.2972E-15, -0.1116E-15, -0.7388E-15,   1.000    ,  0.1408E-16
  0.1700E-15, -0.9368E-16,  0.1249E-15, -0.6939E-16, -0.1856E-15, -0.1128E-15, -0.5313E-17, -0.1665E-15,  0.1110E-15, -0.2637E-15,  0.2776E-15, -0.1457E-15, -0.2082E-15, -0.4163E-16, -0.1665E-15,  0.1145E-15,  0.9714E-16, -0.1769E-15,  0.3678E-15, -0.3088E-15, -0.5135E-15, -0.2651E-16,  0.1408E-16,   1.000    
 
 rxyz0: 
 
 -0.2571E-04,  0.2571E-04,  -1.920    ,  0.9602    ,  0.9602    ,   1.920    , -0.9602    , -0.9602    
   0.000    ,   0.000    ,   0.000    ,   1.663    ,  -1.663    ,   0.000    ,  -1.663    ,   1.663    
   1.428    ,  -1.428    ,   2.174    ,   2.174    ,   2.174    ,  -2.174    ,  -2.174    ,  -2.174    
 
 new_masses: 
 
   180.0    
   1694.    
   1695.    
   2448.    
   3536.    
   3537.    
   4460.    
   4661.    
   4848.    
   4849.    
   4949.    
   4949.    
  0.1937E+05
  0.1958E+05
  0.2107E+05
  0.2107E+05
  0.2135E+05
  0.2136E+05
 
 sigma2 from ev, modifier = 1
 
   792.4    
   258.3    
   258.2    
   214.9    
   178.8    
   178.7    
   159.2    
   155.7    
   152.7    
   152.7    
   151.1    
   151.1    
   76.39    
   75.97    
   73.24    
   73.24    
   72.75    
   72.74    
 
 e0 theory =   7.247224476490838E-002
 Input etot:   -5.69922746240000     
 walker epot, ekin, weight:   -5.69054959330000       7.247028167417233E-002
  0.464019413958346     
 walker epot, ekin, weight:   -5.69283060410000       7.247109808847023E-002
  0.469339958328474     
 walker epot, ekin, weight:   -5.69777778870000       7.247185555024137E-002
  0.481092471177160     
 walker epot, ekin, weight:   -5.69743103390000       7.247149858349687E-002
  0.480259945400035     
 walker epot, ekin, weight:   -5.69691593210000       7.247172427478936E-002
  0.479024082504934     
 walker epot, ekin, weight:   -5.69697165410000       7.247176221210865E-002
  0.479157471108302     
 walker epot, ekin, weight:   -5.69654702110000       7.247177122774386E-002
  0.478141198398621     
 walker epot, ekin, weight:   -5.69409174560000       7.247147037610201E-002
  0.472307950229862     
 walker epot, ekin, weight:   -5.69679622820000       7.247157318896097E-002
  0.478737824685182     
 walker epot, ekin, weight:   -5.69417407090000       7.247139788593698E-002
  0.472502575975818     
 walker epot, ekin, weight:   -5.69722417830000       7.247184907189835E-002
  0.479762639133219     
 walker epot, ekin, weight:   -5.69653546440000       7.247156633424424E-002
  0.478114060336972     
 walker epot, ekin, weight:   -5.69676939770000       7.247141565265378E-002
  0.478673982159371     
 walker epot, ekin, weight:   -5.69333000870000       7.247134101542438E-002
  0.470512803912707     
 walker epot, ekin, weight:   -5.69653603510000       7.247134023270309E-002
  0.478115965150869     
 walker epot, ekin, weight:   -5.69624698240000       7.247164731417437E-002
  0.477424727656302     
 walker epot, ekin, weight:   -5.69773357260000       7.247185961635078E-002
  0.480986112990586     
 walker epot, ekin, weight:   -5.69642777610000       7.247174945844342E-002
  0.477856255644530     
 walker epot, ekin, weight:   -5.69590059730000       7.247125756933276E-002
  0.476599507976517     
 walker epot, ekin, weight:   -5.69535921290000       7.247107429785529E-002
  0.475311570387766     
Step     1 of   200--------------------------------
 number of walkers =           10
 et =   -5.61628300901096     
 e0 =   -5.62369804585573     
 walker epot, ekin, weight:   -5.68477242330000       7.247018728846186E-002
  0.933806203677620     
 walker epot, ekin, weight:   -5.69427464810000       7.247063731471648E-002
   1.03207714974018     
 walker epot, ekin, weight:   -5.69420900720000       7.247116611617090E-002
   1.02597211595612     
 walker epot, ekin, weight:   -5.67988335830000       7.246969463608945E-002
  0.933811189501194     
 walker epot, ekin, weight:   -5.69410314660000       7.247094223043038E-002
   1.01711048126696     
 walker epot, ekin, weight:   -5.69400229070000       7.247042499049157E-002
   1.02235880694458     
 walker epot, ekin, weight:   -5.69381766230000       7.247025103850704E-002
   1.01333533370218     
 walker epot, ekin, weight:   -5.69457506920000       7.247066855816742E-002
   1.02279334646667     
 walker epot, ekin, weight:   -5.69819134330000       7.247185831824515E-002
   1.05132083481833     
 walker epot, ekin, weight:   -5.68878846840000       7.247051442370724E-002
  0.986711802888529     
Step     2 of   200--------------------------------
 number of walkers =           10
 et =   -5.61249289104597     
 e0 =   -5.61938514259867     
 walker epot, ekin, weight:   -5.68103286760000       7.246981314613826E-002
  0.914764328718200     
 walker epot, ekin, weight:   -5.69453088850000       7.247062105762762E-002
   1.13424349269252     
 walker epot, ekin, weight:   -5.68228775230000       7.247076759892282E-002
   1.06022991697797     
 walker epot, ekin, weight:   -5.67709842840000       7.246946027399882E-002
  0.875292847932231     
 walker epot, ekin, weight:   -5.68999236490000       7.247024938253575E-002
   1.09177895494643     
 walker epot, ekin, weight:   -5.69021478420000       7.246985076788856E-002
   1.09808482975350     
 walker epot, ekin, weight:   -5.69649267050000       7.247107480984075E-002
   1.12205668262134     
 walker epot, ekin, weight:   -5.69050805540000       7.246974639158441E-002
   1.10331810332295     
 walker epot, ekin, weight:   -5.69565640640000       7.247119051747544E-002
   1.18488047605611     
 walker epot, ekin, weight:   -5.68204606010000       7.246940512569845E-002
  0.991205756661279     
Step     3 of   200--------------------------------
 number of walkers =           10
 et =   -5.60967915328315     
 e0 =   -5.61605073992294     
 walker epot, ekin, weight:   -5.68610779080000       7.247016224287435E-002
  0.927857671765408     
 walker epot, ekin, weight:   -5.69375006680000       7.246982075119800E-002
   1.27874219809460     
 walker epot, ekin, weight:   -5.68540738570000       7.246928526811304E-002
   1.07839053068753     
 walker epot, ekin, weight:   -5.68841656030000       7.247026689465617E-002
  0.880635044366578     
 walker epot, ekin, weight:   -5.68997035350000       7.246909315709169E-002
   1.18073105064793     
 walker epot, ekin, weight:   -5.68784134820000       7.246955208745803E-002
   1.17628329011633     
 walker epot, ekin, weight:   -5.69532203460000       7.247091234859619E-002
   1.28754252478709     
 walker epot, ekin, weight:   -5.69066493260000       7.246968009899735E-002
   1.20045226309936     
 walker epot, ekin, weight:   -5.68894754920000       7.246936340893140E-002
   1.31149457121962     
 walker epot, ekin, weight:   -5.64730302390000       7.246808299643780E-002
  0.832296364416277     
Step     4 of   200--------------------------------
 number of walkers =           10
 et =   -5.60837399776200     
 e0 =   -5.61421295723940     
 walker epot, ekin, weight:   -5.67029288460000       7.246845405619749E-002
  0.903655919545170     
 walker epot, ekin, weight:   -5.69312390390000       7.246869745394449E-002
   1.45036351051849     
 walker epot, ekin, weight:   -5.68346924260000       7.246875663461745E-002
   1.11786725642714     
 walker epot, ekin, weight:   -5.68171062980000       7.246967271646604E-002
  0.918589703904524     
 walker epot, ekin, weight:   -5.68654867550000       7.246729664381076E-002
   1.27163948304741     
 walker epot, ekin, weight:   -5.68449919300000       7.246962563871417E-002
   1.24063897978635     
 walker epot, ekin, weight:   -5.69354648710000       7.247039829063505E-002
   1.47496086856730     
 walker epot, ekin, weight:   -5.69037848020000       7.246973322635263E-002
   1.32243983649165     
 walker epot, ekin, weight:   -5.69087140040000       7.246967146780808E-002
   1.43595046792843     
 walker epot, ekin, weight:   -5.63888521450000       7.246771256831808E-002
  0.570612771541733     
Step     5 of   200--------------------------------
 number of walkers =           10
 et =   -5.60691410894233     
 e0 =   -5.61226980234586     
 walker epot, ekin, weight:   -5.66887514100000       7.246844586891346E-002
  0.819310560656018     
 walker epot, ekin, weight:   -5.68735501800000       7.246796383290753E-002
   1.61669579810453     
 walker epot, ekin, weight:   -5.67121889310000       7.246693796857703E-002
   1.09531692506369     
 walker epot, ekin, weight:   -5.67348593210000       7.246844729754859E-002
  0.902339363128178     
 walker epot, ekin, weight:   -5.68602667240000       7.246684848342319E-002
   1.36256904828119     
 walker epot, ekin, weight:   -5.68009025040000       7.246908675679185E-002
   1.27728804925926     
 walker epot, ekin, weight:   -5.68960446030000       7.246975998418460E-002
   1.66619788609163     
 walker epot, ekin, weight:   -5.68632354660000       7.246841100649916E-002
   1.44651427621264     
 walker epot, ekin, weight:   -5.68609354700000       7.246838849678987E-002
   1.57274157830931     
 walker epot, ekin, weight:   -5.60270100670000       7.246637956843870E-002
  0.317611957135158     
Step     6 of   200--------------------------------
 number of walkers =            9
 et =   -5.60480076732148     
 e0 =   -5.61011192355723     
 walker epot, ekin, weight:   -5.65936069540000       7.246747386524453E-002
  0.718348708102323     
 walker epot, ekin, weight:   -5.68076681260000       7.246571500453054E-002
   1.73033930816046     
 walker epot, ekin, weight:   -5.66939683420000       7.246554354331970E-002
   1.02168406138387     
 walker epot, ekin, weight:   -5.66196221530000       7.246771281664730E-002
  0.820195680532457     
 walker epot, ekin, weight:   -5.68405875360000       7.246610384841073E-002
   1.47274295675945     
 walker epot, ekin, weight:   -5.66980453410000       7.246647678245206E-002
   1.24798163008997     
 walker epot, ekin, weight:   -5.68638639530000       7.246897104347309E-002
   1.85483782341031     
 walker epot, ekin, weight:   -5.68308702010000       7.246718726193044E-002
   1.55818843025296     
 walker epot, ekin, weight:   -5.67962231630000       7.246609704213505E-002
   1.66316022126838     
Step     7 of   200--------------------------------
 number of walkers =            9
 et =   -5.60002844558659     
 e0 =   -5.60506406723661     
 walker epot, ekin, weight:   -5.67084503440000       7.246725117248448E-002
  0.667157189773159     
 walker epot, ekin, weight:   -5.67258213370000       7.246475382145394E-002
   1.80421474475271     
 walker epot, ekin, weight:   -5.66726167460000       7.246491766457647E-002
  0.980010579952525     
 walker epot, ekin, weight:   -5.60788341880000       7.246512447236518E-002
  0.563305705623416     
 walker epot, ekin, weight:   -5.68064284800000       7.246550858310695E-002
   1.62529950409551     
 walker epot, ekin, weight:   -5.67779567710000       7.246694358313639E-002
   1.26437388700409     
 walker epot, ekin, weight:   -5.68595284090000       7.246864250712820E-002
   2.12659247748641     
 walker epot, ekin, weight:   -5.68731222430000       7.246816345391024E-002
   1.76925560569410     
 walker epot, ekin, weight:   -5.66864257980000       7.246436447741664E-002
   1.69064017219839     
Step     8 of   200--------------------------------
 number of walkers =           10
 et =   -5.59738667262353     
 e0 =   -5.60209403170323     
 walker epot, ekin, weight:   -5.67253645680000       7.246755781115388E-002
  0.679523875489214     
 walker epot, ekin, weight:   -5.66876409970000       7.246447429600261E-002
   1.81910341910825     
 walker epot, ekin, weight:   -5.66471815800000       7.246334888925759E-002
  0.942894567968893     
 walker epot, ekin, weight:   -5.63326503980000       7.246580168432978E-002
  0.344138230928964     
 walker epot, ekin, weight:   -5.67294360890000       7.246550477860181E-002
   1.74211971790225     
 walker epot, ekin, weight:   -5.66938987580000       7.246537938647236E-002
   1.31255611923580     
 walker epot, ekin, weight:   -5.67747524560000       7.246748168427068E-002
   1.19717764924720     
 walker epot, ekin, weight:   -5.68320808300000       7.246769741047882E-002
   1.23198899938682     
 walker epot, ekin, weight:   -5.67930222670000       7.246711301779554E-002
   2.02402487784740     
 walker epot, ekin, weight:   -5.65717272380000       7.246211311536993E-002
   1.57725289718646     
Step     9 of   200--------------------------------
 number of walkers =           10
 et =   -5.59466306764855     
 e0 =   -5.59934181292377     
 walker epot, ekin, weight:   -5.66857590610000       7.246679721064363E-002
  0.703207303724860     
 walker epot, ekin, weight:   -5.66468306550000       7.246426314986068E-002
   1.81177171598777     
 walker epot, ekin, weight:   -5.65470174160000       7.246144847306338E-002
  0.875503637227497     
 walker epot, ekin, weight:   -5.66719408520000       7.246490889380690E-002
   1.79410865238521     
 walker epot, ekin, weight:   -5.67208442280000       7.246597449020623E-002
   1.36078333998299     
 walker epot, ekin, weight:   -5.67007571710000       7.246657872334257E-002
   1.27943767194508     
 walker epot, ekin, weight:   -5.66973909550000       7.246516898097417E-002
   1.35265701856812     
 walker epot, ekin, weight:   -5.68464334870000       7.246772049237830E-002
   1.17393798364883     
 walker epot, ekin, weight:   -5.67781619380000       7.246652690706676E-002
   1.13454772189556     
 walker epot, ekin, weight:   -5.64511453870000       7.245998416205193E-002
   1.34430857568787     
Step    10 of   200--------------------------------
 number of walkers =           10
 et =   -5.59045543887612     
 e0 =   -5.59489469435513     
 walker epot, ekin, weight:   -5.66284398840000       7.246525849719126E-002
  0.723092055161448     
 walker epot, ekin, weight:   -5.66084723470000       7.246332938412764E-002
   1.80898219642610     
 walker epot, ekin, weight:   -5.65215978570000       7.246052983796233E-002
  0.796273454264996     
 walker epot, ekin, weight:   -5.65535891190000       7.246275074455528E-002
   1.76487633833935     
 walker epot, ekin, weight:   -5.65448594530000       7.246522203872965E-002
   1.36574762361633     
 walker epot, ekin, weight:   -5.66834017790000       7.246624218170990E-002
   1.36244604166498     
 walker epot, ekin, weight:   -5.66759730320000       7.246465765601576E-002
   1.43268354653245     
 walker epot, ekin, weight:   -5.68099474050000       7.246664385230701E-002
   1.43236672795921     
 walker epot, ekin, weight:   -5.66862500340000       7.246484925744448E-002
   1.25762975809821     
 walker epot, ekin, weight:   -5.62702905880000       7.245943918475463E-002
   1.02782641190368     
Step    11 of   200--------------------------------
 number of walkers =           10
 et =   -5.58404699851850     
 e0 =   -5.58837644783880     
 walker epot, ekin, weight:   -5.66111823120000       7.246519436383346E-002
  0.763738449096122     
 walker epot, ekin, weight:   -5.65653170150000       7.246225824847319E-002
   1.84884500472623     
 walker epot, ekin, weight:   -5.65245770600000       7.246139962033654E-002
  0.763528527735577     
 walker epot, ekin, weight:   -5.64150343270000       7.246092946564908E-002
   1.62792135948804     
 walker epot, ekin, weight:   -5.64797795760000       7.246399423871314E-002
   1.29551129061092     
 walker epot, ekin, weight:   -5.66284888290000       7.246550708335402E-002
   1.49197122710434     
 walker epot, ekin, weight:   -5.67070706450000       7.246614497569294E-002
   1.62571404531501     
 walker epot, ekin, weight:   -5.67343535240000       7.246548211045943E-002
   1.76182108271098     
 walker epot, ekin, weight:   -5.67143985970000       7.246485802124014E-002
   1.43969977021545     
 walker epot, ekin, weight:   -5.63168232200000       7.246048469934377E-002
  0.783435606263568     
Step    12 of   200--------------------------------
 number of walkers =           10
 et =   -5.58223548582949     
 e0 =   -5.58623863001417     
 walker epot, ekin, weight:   -5.64939739350000       7.246182239704538E-002
  0.768018305261181     
 walker epot, ekin, weight:   -5.65678485650000       7.246318248999946E-002
   1.88544119716315     
 walker epot, ekin, weight:   -5.66078513030000       7.246221999886601E-002
  0.778362001478264     
 walker epot, ekin, weight:   -5.62446298440000       7.245873013702991E-002
   1.31020405285704     
 walker epot, ekin, weight:   -5.63456541760000       7.246289972017196E-002
   1.13273264592850     
 walker epot, ekin, weight:   -5.66086353890000       7.246526397751957E-002
   1.60263894662115     
 walker epot, ekin, weight:   -5.64772777710000       7.246437655127397E-002
   1.70082575921007     
 walker epot, ekin, weight:   -5.67018112970000       7.246424463339915E-002
   2.09054939255073     
 walker epot, ekin, weight:   -5.66676614000000       7.246420484164390E-002
   1.66273597751079     
 walker epot, ekin, weight:   -5.63584281290000       7.246108361778099E-002
  0.635461715535339     
Step    13 of   200--------------------------------
 number of walkers =           11
 et =   -5.57692846015638     
 e0 =   -5.58080940127373     
 walker epot, ekin, weight:   -5.64640338100000       7.246032616421287E-002
  0.756666117449201     
