SLURM_NTASKS: 1
SLURM_NTASKS_PER_NODE: 1
SLURM_CPUS_PER_TASK: 1
 delta_t =    10.0000000000000     
 hessian: 
 
  0.2503E-04, -0.2131E-12, -0.7647E-08, -0.3770E-05, -0.7663E-12, -0.1993E-07, -0.4159E-04,  0.9003E-10,  0.1220E-04, -0.1620E-04, -0.1476E-04, -0.6043E-05, -0.1620E-04,  0.1476E-04, -0.6043E-05,  0.4003E-06,  0.1909E-08,  0.5136E-05,  0.9235E-07,  0.1646E-06, -0.2577E-05,  0.9390E-07, -0.1628E-06, -0.2578E-05
 -0.2721E-13,  0.2502E-04, -0.7107E-09, -0.2585E-12, -0.3769E-05, -0.1454E-08, -0.2036E-12, -0.7662E-05,  0.2112E-09, -0.1476E-04, -0.3316E-04, -0.1044E-04,  0.1476E-04, -0.3316E-04,  0.1044E-04, -0.1370E-09,  0.5866E-08,  0.8021E-09,  0.1509E-06,  0.2920E-06, -0.4452E-05, -0.1498E-06,  0.2905E-06,  0.4455E-05
 -0.7479E-08,  0.6348E-12,  0.2213E-04, -0.2016E-07, -0.2086E-12, -0.1017E-04,  0.1219E-04,  0.1859E-09, -0.1190E-04, -0.6037E-05, -0.1043E-04, -0.1179E-04, -0.6037E-05,  0.1043E-04, -0.1179E-04,  0.2543E-06, -0.2706E-09, -0.1963E-05, -0.1366E-06, -0.2269E-06, -0.1936E-05, -0.1369E-06,  0.2272E-06, -0.1937E-05
 -0.3768E-05, -0.1904E-12, -0.1993E-07,  0.2503E-04, -0.8162E-12, -0.7647E-08,  0.4035E-06,  0.1909E-08,  0.5136E-05,  0.9235E-07,  0.1646E-06, -0.2577E-05,  0.9389E-07, -0.1628E-06, -0.2578E-05, -0.4159E-04,  0.9110E-10,  0.1220E-04, -0.1620E-04, -0.1476E-04, -0.6043E-05, -0.1620E-04,  0.1476E-04, -0.6043E-05
 -0.2131E-12, -0.3769E-05, -0.1454E-08,  0.1451E-12,  0.2502E-04, -0.7109E-09, -0.2192E-12,  0.5866E-08,  0.8023E-09,  0.1509E-06,  0.2920E-06, -0.4452E-05, -0.1498E-06,  0.2905E-06,  0.4455E-05, -0.2360E-10, -0.7662E-05,  0.2103E-09, -0.1476E-04, -0.3316E-04, -0.1044E-04,  0.1476E-04, -0.3316E-04,  0.1044E-04
 -0.2011E-07, -0.4534E-12, -0.1017E-04, -0.8101E-08,  0.9024E-12,  0.2213E-04,  0.2532E-06, -0.2706E-09, -0.1963E-05, -0.1366E-06, -0.2269E-06, -0.1936E-05, -0.1369E-06,  0.2272E-06, -0.1937E-05,  0.1219E-04,  0.1858E-09, -0.1190E-04, -0.6037E-05, -0.1043E-04, -0.1179E-04, -0.6037E-05,  0.1043E-04, -0.1179E-04
 -0.4159E-04, -0.1535E-11,  0.1219E-04,  0.3981E-06,  0.3915E-11,  0.2527E-06,  0.1508E-03, -0.1160E-08, -0.4800E-04, -0.4994E-05,  0.2010E-05,  0.2773E-05, -0.4996E-05, -0.2010E-05,  0.2772E-05,  0.9020E-06, -0.2808E-08, -0.4254E-06,  0.2785E-06,  0.3312E-08, -0.4867E-07,  0.2746E-06, -0.7147E-08, -0.4621E-07
  0.3132E-13, -0.7662E-05,  0.2914E-09,  0.1566E-13,  0.5284E-08,  0.5214E-09, -0.5408E-13,  0.2348E-04, -0.9984E-10, -0.1247E-04,  0.1059E-05,  0.4979E-05,  0.1247E-04,  0.1059E-05, -0.4979E-05,  0.4770E-10,  0.5547E-06, -0.2816E-09,  0.2243E-06,  0.1451E-06,  0.1328E-06, -0.2247E-06,  0.1456E-06, -0.1338E-06
  0.1220E-04,  0.4698E-13, -0.1190E-04,  0.5138E-05, -0.1472E-11, -0.1962E-05, -0.4800E-04,  0.4989E-09,  0.4591E-04, -0.5634E-05,  0.8060E-07,  0.1589E-05, -0.5633E-05, -0.8064E-07,  0.1590E-05, -0.4283E-06,  0.1075E-08, -0.3175E-05, -0.9128E-07,  0.1094E-06,  0.9807E-06, -0.8959E-07, -0.1080E-06,  0.9801E-06
 -0.1620E-04, -0.1476E-04, -0.6035E-05,  0.9179E-07,  0.1488E-06, -0.1355E-06, -0.4996E-05, -0.1247E-04, -0.5633E-05,  0.5553E-04,  0.5539E-04,  0.2381E-04,  0.4099E-05,  0.7262E-05,  0.2894E-05,  0.2784E-06,  0.2230E-06, -0.9019E-07,  0.6423E-06,  0.1516E-06,  0.1947E-06,  0.7869E-07, -0.1098E-06,  0.1435E-06
 -0.1476E-04, -0.3316E-04, -0.1043E-04,  0.1636E-06,  0.2865E-06, -0.2235E-06,  0.2010E-05,  0.1060E-05,  0.7988E-07,  0.5538E-04,  0.1192E-03,  0.4112E-04, -0.7263E-05, -0.8015E-05, -0.4830E-05,  0.6644E-08,  0.1444E-06,  0.1080E-06,  0.1513E-06,  0.8147E-06,  0.3570E-06,  0.1071E-06,  0.3437E-06, -0.2607E-07
 -0.6043E-05, -0.1044E-04, -0.1179E-04, -0.2578E-05, -0.4456E-05, -0.1934E-05,  0.2774E-05,  0.4980E-05,  0.1589E-05,  0.2381E-04,  0.4112E-04,  0.4546E-04,  0.2892E-05,  0.4831E-05,  0.1563E-05, -0.4527E-07,  0.1333E-06,  0.9796E-06,  0.1962E-06,  0.3609E-06, -0.3176E-05,  0.1422E-06,  0.2616E-07,  0.9795E-06
 -0.1620E-04,  0.1476E-04, -0.6036E-05,  0.9179E-07, -0.1488E-06, -0.1374E-06, -0.4996E-05,  0.1247E-04, -0.5633E-05,  0.4099E-05, -0.7262E-05,  0.2893E-05,  0.5553E-04, -0.5539E-04,  0.2381E-04,  0.2783E-06, -0.2264E-06, -0.8916E-07,  0.8000E-07,  0.1098E-06,  0.1446E-06,  0.6424E-06, -0.1535E-06,  0.1971E-06
  0.1476E-04, -0.3316E-04,  0.1043E-04, -0.1636E-06,  0.2865E-06,  0.2278E-06, -0.2010E-05,  0.1059E-05, -0.8066E-07,  0.7262E-05, -0.8014E-05,  0.4831E-05, -0.5539E-04,  0.1192E-03, -0.4112E-04, -0.6246E-08,  0.1479E-06, -0.1104E-06, -0.1088E-06,  0.3421E-06,  0.2248E-07, -0.1528E-06,  0.8175E-06, -0.3615E-06
 -0.6043E-05,  0.1044E-04, -0.1179E-04, -0.2578E-05,  0.4456E-05, -0.1936E-05,  0.2774E-05, -0.4979E-05,  0.1589E-05,  0.2893E-05, -0.4831E-05,  0.1563E-05,  0.2381E-04, -0.4112E-04,  0.4546E-04, -0.4543E-07, -0.1348E-06,  0.9805E-06,  0.1428E-06, -0.2572E-07,  0.9806E-06,  0.1970E-06, -0.3621E-06, -0.3174E-05
  0.3967E-06,  0.2443E-11,  0.2527E-06, -0.4159E-04, -0.4698E-13,  0.1219E-04,  0.8921E-06, -0.2807E-08, -0.4254E-06,  0.2785E-06,  0.3311E-08, -0.4867E-07,  0.2746E-06, -0.7147E-08, -0.4621E-07,  0.1508E-03, -0.1162E-08, -0.4800E-04, -0.4994E-05,  0.2010E-05,  0.2773E-05, -0.4996E-05, -0.2010E-05,  0.2772E-05
  0.6264E-13,  0.5285E-08,  0.5214E-09,  0.1723E-12, -0.7662E-05,  0.2915E-09,  0.1082E-12,  0.5547E-06, -0.2817E-09,  0.2243E-06,  0.1451E-06,  0.1328E-06, -0.2247E-06,  0.1456E-06, -0.1338E-06,  0.1206E-10,  0.2348E-04, -0.9762E-10, -0.1247E-04,  0.1059E-05,  0.4979E-05,  0.1247E-04,  0.1059E-05, -0.4979E-05
  0.5139E-05, -0.7830E-12, -0.1962E-05,  0.1220E-04, -0.5638E-12, -0.1190E-04, -0.4239E-06,  0.1075E-08, -0.3175E-05, -0.9128E-07,  0.1094E-06,  0.9807E-06, -0.8959E-07, -0.1080E-06,  0.9801E-06, -0.4800E-04,  0.4995E-09,  0.4591E-04, -0.5634E-05,  0.8060E-07,  0.1589E-05, -0.5633E-05, -0.8064E-07,  0.1590E-05
  0.8997E-07,  0.1488E-06, -0.1355E-06, -0.1620E-04, -0.1476E-04, -0.6035E-05,  0.2779E-06,  0.2230E-06, -0.9019E-07,  0.6423E-06,  0.1516E-06,  0.1947E-06,  0.7869E-07, -0.1098E-06,  0.1435E-06, -0.4995E-05, -0.1247E-04, -0.5633E-05,  0.5553E-04,  0.5539E-04,  0.2381E-04,  0.4099E-05,  0.7262E-05,  0.2894E-05
  0.1614E-06,  0.2865E-06, -0.2235E-06, -0.1476E-04, -0.3316E-04, -0.1043E-04,  0.7726E-08,  0.1444E-06,  0.1080E-06,  0.1513E-06,  0.8147E-06,  0.3570E-06,  0.1071E-06,  0.3437E-06, -0.2607E-07,  0.2010E-05,  0.1060E-05,  0.7988E-07,  0.5538E-04,  0.1192E-03,  0.4112E-04, -0.7263E-05, -0.8015E-05, -0.4830E-05
 -0.2579E-05, -0.4456E-05, -0.1934E-05, -0.6043E-05, -0.1044E-04, -0.1179E-04, -0.4427E-07,  0.1333E-06,  0.9796E-06,  0.1962E-06,  0.3609E-06, -0.3176E-05,  0.1422E-06,  0.2616E-07,  0.9795E-06,  0.2773E-05,  0.4980E-05,  0.1589E-05,  0.2381E-04,  0.4112E-04,  0.4546E-04,  0.2892E-05,  0.4831E-05,  0.1563E-05
  0.8997E-07, -0.1488E-06, -0.1374E-06, -0.1620E-04,  0.1476E-04, -0.6036E-05,  0.2779E-06, -0.2264E-06, -0.8916E-07,  0.8000E-07,  0.1098E-06,  0.1446E-06,  0.6424E-06, -0.1535E-06,  0.1971E-06, -0.4995E-05,  0.1247E-04, -0.5633E-05,  0.4099E-05, -0.7262E-05,  0.2893E-05,  0.5553E-04, -0.5539E-04,  0.2381E-04
 -0.1614E-06,  0.2865E-06,  0.2278E-06,  0.1476E-04, -0.3316E-04,  0.1043E-04, -0.7726E-08,  0.1479E-06, -0.1104E-06, -0.1088E-06,  0.3421E-06,  0.2248E-07, -0.1528E-06,  0.8175E-06, -0.3615E-06, -0.2010E-05,  0.1059E-05, -0.8066E-07,  0.7262E-05, -0.8014E-05,  0.4831E-05, -0.5539E-04,  0.1192E-03, -0.4112E-04
 -0.2579E-05,  0.4456E-05, -0.1936E-05, -0.6043E-05,  0.1044E-04, -0.1179E-04, -0.4427E-07, -0.1348E-06,  0.9805E-06,  0.1428E-06, -0.2572E-07,  0.9806E-06,  0.1970E-06, -0.3621E-06, -0.3174E-05,  0.2773E-05, -0.4979E-05,  0.1589E-05,  0.2893E-05, -0.4831E-05,  0.1563E-05,  0.2381E-04, -0.4112E-04,  0.4546E-04
 
 eigenvalues_full: 
 
 -0.4083E-08
 -0.2439E-08
 -0.2012E-08
 -0.1096E-08
  0.1742E-08
  0.2945E-08
  0.1592E-05
  0.1499E-04
  0.1500E-04
  0.2166E-04
  0.3129E-04
  0.3130E-04
  0.3947E-04
  0.4125E-04
  0.4290E-04
  0.4291E-04
  0.4379E-04
  0.4379E-04
  0.1714E-03
  0.1733E-03
  0.1864E-03
  0.1864E-03
  0.1890E-03
  0.1890E-03
 
 eigenvectors: 
 
  0.1468    ,  0.4513    ,  0.5367E-01, -0.2564E-02,  0.5595    ,  0.3668    ,  0.5676E-04,  0.1267E-02, -0.1606    , -0.1992E-02, -0.5696E-02, -0.4143    , -0.8956E-03,  0.1331E-02,  0.1104E-01,  0.6850E-01,  0.4886E-01,  0.1559    , -0.3207E-03,  0.3306E-03, -0.1785    , -0.1244    ,  0.1450    , -0.1641    
  0.4945    , -0.1449    , -0.1677    ,  0.1008    , -0.3318    ,  0.5117    , -0.8662E-04, -0.1606    , -0.1287E-02, -0.6205E-04,  0.4143    , -0.5674E-02, -0.6001E-05, -0.3193E-04, -0.6860E-01,  0.1111E-01,  0.1560    , -0.4885E-01,  0.2567E-04,  0.1021E-03,  0.1244    , -0.1784    ,  0.1642    ,  0.1451    
  0.2853    , -0.1145    ,  0.5088    , -0.1948    ,  0.2369E-01, -0.8760E-01, -0.2786E-04, -0.1481E-04,  0.5548E-03, -0.5775    , -0.2067E-04,  0.1703E-02, -0.2922    ,  0.3881    , -0.4828E-04,  0.2557E-04, -0.1495E-03, -0.4766E-03, -0.1260    ,  0.1227    ,  0.5091E-03,  0.3732E-03, -0.4265E-03,  0.4431E-03
 -0.2042    , -0.5309    ,  0.8545E-02, -0.7689E-01,  0.4620    ,  0.3645    ,  0.1085E-03,  0.1278E-02, -0.1606    ,  0.1994E-02,  0.5685E-02,  0.4143    , -0.8827E-03, -0.1310E-02, -0.1094E-01, -0.6852E-01,  0.4885E-01,  0.1559    ,  0.3824E-03,  0.3101E-03,  0.1783    ,  0.1243    ,  0.1451    , -0.1643    
 -0.3518    ,  0.1697    ,  0.2521    , -0.2293    , -0.3972    ,  0.4993    ,  0.1119E-03, -0.1606    , -0.1295E-02, -0.1096E-05, -0.4143    ,  0.5680E-02, -0.1205E-05, -0.1247E-06,  0.6863E-01, -0.1099E-01,  0.1559    , -0.4888E-01,  0.2943E-04,  0.2989E-04, -0.1243    ,  0.1784    ,  0.1642    ,  0.1451    
  0.2864    , -0.1114    ,  0.5089    , -0.1946    ,  0.2396E-01, -0.8756E-01, -0.1825E-04, -0.2796E-04,  0.5119E-03,  0.5775    ,  0.1486E-04, -0.1684E-02, -0.2923    , -0.3881    ,  0.8335E-04, -0.1481E-04, -0.1927E-03, -0.3969E-03,  0.1259    ,  0.1228    , -0.5284E-03, -0.3396E-03, -0.4722E-03,  0.4508E-03
  0.6924E-01,  0.2055    ,  0.1898E-01,  0.4907E-02,  0.1694    ,  0.1064    ,  0.1468E-04, -0.1201E-02,  0.1516    , -0.2321E-01,  0.6176E-03,  0.4585E-01,  0.1591    , -0.1567    ,  0.1928E-01,  0.1195    ,  0.3763E-01,  0.1203    , -0.3766    ,  0.3759    ,  0.4206    ,  0.2932    , -0.3380    ,  0.3824    
  0.2662    , -0.5233E-01, -0.2553    , -0.3081    , -0.8087E-01,  0.1165    , -0.4083    ,  0.2195    ,  0.1750E-02,  0.1039E-04, -0.2187    ,  0.2963E-02,  0.8304E-04,  0.1418E-03,  0.4752    , -0.7670E-01, -0.4787    ,  0.1499    ,  0.5558E-05,  0.6278E-05,  0.6176E-02, -0.8865E-02,  0.5259E-02,  0.4635E-02
  0.1508    ,  0.1578    ,  0.1561    , -0.4197E-01,  0.2586E-01, -0.2490E-01, -0.3584E-04, -0.3939E-02,  0.4949    , -0.2342    ,  0.5610E-02,  0.4109    ,  0.3361    , -0.3034    ,  0.4611E-01,  0.2856    ,  0.6550E-01,  0.2092    ,  0.1409    , -0.1424    , -0.1622    , -0.1131    ,  0.1329    , -0.1503    
  0.1196    ,  0.2164    , -0.1324    , -0.3090    ,  0.1782    ,  0.7812E-01, -0.3536    , -0.3300E-01,  0.2012    ,  0.1056E-01,  0.7890E-01,  0.1737    , -0.7807E-01,  0.7693E-01, -0.3091    , -0.2857    ,  0.1554    , -0.4103    ,  0.1888    , -0.1886    , -0.3107E-01,  0.2555    , -0.2500    , -0.5686E-01
  0.1776    , -0.7243E-01,  0.7204E-02,  0.2353    , -0.9628E-01,  0.1654    ,  0.2041    ,  0.1677    , -0.2875E-01,  0.1949E-01, -0.8922E-01, -0.7420E-01, -0.1368    ,  0.1348    ,  0.7122E-01,  0.2524    ,  0.5111E-01,  0.2685    ,  0.3262    , -0.3260    , -0.3218E-01,  0.4432    , -0.4347    , -0.8454E-01
 -0.9448E-01, -0.7599E-01,  0.2141    , -0.1183    , -0.1369E-01, -0.2766E-01,  0.1152E-02, -0.4269    , -0.2517    , -0.2347    ,  0.3529    , -0.2110    ,  0.3367    , -0.3037    ,  0.2256    , -0.1823    , -0.2148    , -0.4677E-01,  0.1390    , -0.1407    , -0.1649E-01,  0.1946    , -0.1944    , -0.3939E-01
  0.1822E-01,  0.1929    ,  0.1702    ,  0.3187    ,  0.1605    ,  0.1347    ,  0.3536    ,  0.2980E-01,  0.2017    ,  0.1058E-01, -0.7408E-01,  0.1757    , -0.7797E-01,  0.7705E-01,  0.2036    , -0.3685    , -0.3616    , -0.2485    ,  0.1888    , -0.1884    ,  0.2289    , -0.1177    ,  0.8728E-01,  0.2412    
  0.1776    , -0.7241E-01,  0.7181E-02,  0.2353    , -0.9628E-01,  0.1654    ,  0.2041    ,  0.1672    ,  0.3141E-01, -0.1947E-01, -0.8717E-01,  0.7663E-01,  0.1368    , -0.1348    , -0.1169E-01, -0.2620    , -0.1110    , -0.2497    , -0.3263    ,  0.3256    , -0.4047    ,  0.1837    , -0.1375    , -0.4211    
  0.1912    , -0.1820    ,  0.7164E-01, -0.9010E-02,  0.8369E-02, -0.2357E-01, -0.1161E-02,  0.4309    , -0.2449    , -0.2346    , -0.3587    , -0.2012    ,  0.3366    , -0.3038    , -0.2714    , -0.1021    ,  0.1499    , -0.1609    ,  0.1390    , -0.1405    ,  0.1769    , -0.8288E-01,  0.6308E-01,  0.1882    
 -0.8585E-01, -0.2285    , -0.9689E-03, -0.2792E-01,  0.1263    ,  0.1054    ,  0.3205E-04, -0.1195E-02,  0.1516    ,  0.2323E-01, -0.6254E-03, -0.4586E-01,  0.1591    ,  0.1567    , -0.1925E-01, -0.1195    ,  0.3774E-01,  0.1202    ,  0.3762    ,  0.3763    , -0.4202    , -0.2927    , -0.3385    ,  0.3829    
 -0.2251    ,  0.5956E-01,  0.2797    ,  0.2708    , -0.1302    ,  0.1764    , -0.4082    ,  0.2195    ,  0.1750E-02, -0.1806E-04,  0.2187    , -0.2983E-02,  0.3650E-04, -0.6328E-04, -0.4753    ,  0.7634E-01, -0.4786    ,  0.1501    , -0.5163E-05,  0.3967E-05, -0.6194E-02,  0.8856E-02,  0.5269E-02,  0.4618E-02
  0.1467E-01, -0.2232    ,  0.1386    , -0.7080E-01, -0.1201E-01, -0.2580E-01, -0.9155E-05, -0.3928E-02,  0.4948    ,  0.2342    , -0.5633E-02, -0.4109    ,  0.3361    ,  0.3035    , -0.4605E-01, -0.2857    ,  0.6574E-01,  0.2091    , -0.1407    , -0.1426    ,  0.1621    ,  0.1129    ,  0.1330    , -0.1505    
 -0.1364    , -0.2394    ,  0.1504    ,  0.2860    ,  0.1176    ,  0.1337    , -0.3535    , -0.3300E-01,  0.2012    , -0.1054E-01, -0.7890E-01, -0.1737    , -0.7803E-01, -0.7702E-01,  0.3090    ,  0.2859    ,  0.1551    , -0.4104    , -0.1887    , -0.1887    ,  0.3119E-01, -0.2554    , -0.2501    , -0.5679E-01
 -0.1362    ,  0.7961E-01,  0.1723E-01, -0.2725    , -0.1148    ,  0.1273    ,  0.2042    ,  0.1677    , -0.2875E-01, -0.1950E-01,  0.8923E-01,  0.7421E-01, -0.1368    , -0.1348    , -0.7108E-01, -0.2524    ,  0.5129E-01,  0.2685    , -0.3261    , -0.3261    ,  0.3239E-01, -0.4432    , -0.4348    , -0.8439E-01
  0.2600    ,  0.1058E-01,  0.8046E-01,  0.5572E-02,  0.2752E-01, -0.2315E-01,  0.1074E-02, -0.4269    , -0.2518    ,  0.2347    , -0.3530    ,  0.2110    ,  0.3367    ,  0.3037    , -0.2258    ,  0.1821    , -0.2148    , -0.4671E-01, -0.1389    , -0.1407    ,  0.1658E-01, -0.1946    , -0.1945    , -0.3932E-01
 -0.3469E-01, -0.2159    , -0.1523    , -0.3417    ,  0.1353    ,  0.7701E-01,  0.3536    ,  0.2980E-01,  0.2017    , -0.1057E-01,  0.7409E-01, -0.1757    , -0.7799E-01, -0.7706E-01, -0.2038    ,  0.3683    , -0.3618    , -0.2483    , -0.1887    , -0.1886    , -0.2288    ,  0.1176    ,  0.8729E-01,  0.2412    
 -0.1362    ,  0.7961E-01,  0.1722E-01, -0.2725    , -0.1148    ,  0.1273    ,  0.2042    ,  0.1672    ,  0.3141E-01,  0.1946E-01,  0.8717E-01, -0.7664E-01,  0.1369    ,  0.1348    ,  0.1155E-01,  0.2620    , -0.1112    , -0.2497    ,  0.3260    ,  0.3260    ,  0.4045    , -0.1838    , -0.1375    , -0.4213    
 -0.2571E-01,  0.1166    ,  0.2230    , -0.1038    ,  0.5384E-02, -0.2712E-01, -0.1095E-02,  0.4309    , -0.2449    ,  0.2346    ,  0.3587    ,  0.2012    ,  0.3367    ,  0.3037    ,  0.2714    ,  0.1022    ,  0.1497    , -0.1611    , -0.1389    , -0.1407    , -0.1768    ,  0.8289E-01,  0.6307E-01,  0.1882    
 
 delta(i,j): 
 
   1.000    ,  0.6158E-16, -0.3018E-15, -0.1865E-16, -0.1664E-15,  0.2636E-15, -0.1915E-15,  0.1787E-15, -0.8847E-16, -0.1561E-16,  0.2082E-16, -0.2940E-15,  0.8500E-16,  0.1110E-15,  0.1076E-15,  0.1891E-15,  0.5638E-16, -0.1726E-15, -0.1171E-15,  0.8153E-16, -0.2862E-16,  0.2819E-16,  0.7568E-16, -0.1310E-15
  0.6158E-16,   1.000    ,  0.1631E-15,  0.4528E-15, -0.1519E-15, -0.2017E-15,  0.1567E-15, -0.4163E-16, -0.9714E-16, -0.4857E-16,  0.6245E-16, -0.3990E-15, -0.2082E-16,  0.4857E-16, -0.8327E-16,  0.2706E-15, -0.6939E-16, -0.2602E-15,  0.6245E-16, -0.5898E-16,  0.2498E-15, -0.3123E-16,  0.1396E-15,  0.1318E-15
 -0.3018E-15,  0.1631E-15,   1.000    , -0.4510E-15,  0.7373E-16, -0.5117E-16,  0.5855E-17, -0.1527E-15,  0.2290E-15, -0.2082E-16, -0.1388E-15, -0.1596E-15,   0.000    ,  0.2082E-15,  0.7633E-16,  0.2429E-16,  0.6245E-16, -0.1596E-15, -0.1006E-15,  0.1874E-15,  0.4163E-16,  0.7286E-16, -0.5204E-16,  0.1318E-15
 -0.1865E-16,  0.4528E-15, -0.4510E-15,   1.000    , -0.1394E-15, -0.3361E-15,  0.1426E-15, -0.1180E-15,  0.6592E-16,  0.1839E-15,  0.4857E-16,  0.3782E-15, -0.2290E-15, -0.1527E-15, -0.1700E-15, -0.2429E-15,  0.3591E-15, -0.4857E-16, -0.1006E-15, -0.8153E-16, -0.1457E-15,  0.1232E-15, -0.4597E-16, -0.1978E-15
 -0.1664E-15, -0.1519E-15,  0.7373E-16, -0.1394E-15,   1.000    , -0.1479E-15, -0.9720E-16, -0.1357E-15, -0.2240E-15, -0.8847E-16,  0.1301E-17,  0.9021E-16,  0.8023E-17, -0.1496E-16, -0.8782E-16, -0.2635E-16,  0.4597E-16,  0.2494E-17, -0.2353E-16, -0.2537E-16,  0.7297E-16,  0.8104E-16,  0.5567E-16,  0.6852E-16
  0.2636E-15, -0.2017E-15, -0.5117E-16, -0.3361E-15, -0.1479E-15,   1.000    , -0.7491E-16, -0.7806E-16, -0.2125E-15,  0.1934E-15, -0.1613E-15, -0.1570E-15, -0.7286E-16, -0.2238E-15, -0.3469E-16, -0.1648E-16,  0.1197E-15,  0.4337E-17, -0.1245E-15,  0.1414E-15, -0.1804E-15,  0.5031E-16,  0.9845E-16,  0.1622E-15
 -0.1915E-15,  0.1567E-15,  0.5855E-17,  0.1426E-15, -0.9720E-16, -0.7491E-16,   1.000    ,  0.1691E-16, -0.1340E-15, -0.6126E-16, -0.3209E-16,  0.4567E-16,  0.1044E-15,  0.1540E-15, -0.1871E-15,  0.4771E-15, -0.8370E-16,  0.2625E-15,  0.1702E-15, -0.6264E-16, -0.2364E-16, -0.3779E-15,  0.4453E-16,  0.1884E-15
  0.1787E-15, -0.4163E-16, -0.1527E-15, -0.1180E-15, -0.1357E-15, -0.7806E-16,  0.1691E-16,   1.000    , -0.1096E-14,  0.6523E-15, -0.2776E-15,   0.000    ,  0.4996E-15, -0.1665E-15, -0.1665E-15, -0.1180E-15,  0.3331E-15, -0.6939E-16,  0.2082E-16, -0.1874E-15, -0.8327E-16, -0.1527E-15,  0.8327E-16,  0.2776E-16
 -0.8847E-16, -0.9714E-16,  0.2290E-15,  0.6592E-16, -0.2240E-15, -0.2125E-15, -0.1340E-15, -0.1096E-14,   1.000    ,  0.1110E-15,  0.2776E-16, -0.3469E-16,  0.2776E-16,  0.2498E-15,  0.5551E-16, -0.1735E-16,  0.7633E-16,  0.1249E-15, -0.3469E-15,  0.7633E-16,  0.2082E-15, -0.4857E-16,  0.3816E-16, -0.5551E-16
 -0.1561E-16, -0.4857E-16, -0.2082E-16,  0.1839E-15, -0.8847E-16,  0.1934E-15, -0.6126E-16,  0.6523E-15,  0.1110E-15,   1.000    , -0.5551E-16, -0.1318E-15, -0.1943E-15, -0.6939E-16, -0.1527E-15,  0.8327E-16, -0.9021E-16, -0.6939E-17,  0.1596E-15,  0.1596E-15,  0.6939E-16, -0.5898E-16,  0.2030E-15,  0.1388E-15
  0.2082E-16,  0.6245E-16, -0.1388E-15,  0.4857E-16,  0.1301E-17, -0.1613E-15, -0.3209E-16, -0.2776E-15,  0.2776E-16, -0.5551E-16,   1.000    ,  0.4857E-15, -0.1249E-15, -0.2776E-16,  0.1527E-15, -0.1457E-15,  0.1110E-15,  0.1388E-15, -0.3469E-16,  0.1388E-16,  0.2220E-15, -0.1527E-15,  0.6939E-17,  0.1388E-15
 -0.2940E-15, -0.3990E-15, -0.1596E-15,  0.3782E-15,  0.9021E-16, -0.1570E-15,  0.4567E-16,   0.000    , -0.3469E-16, -0.1318E-15,  0.4857E-15,   1.000    , -0.4857E-15,  0.1318E-15,  0.2706E-15,  0.2151E-15,  0.1631E-15,  0.6245E-16,  0.1041E-16,  0.2186E-15, -0.5551E-16, -0.1076E-15, -0.3643E-16, -0.6245E-16
  0.8500E-16, -0.2082E-16,   0.000    , -0.2290E-15,  0.8023E-17, -0.7286E-16,  0.1044E-15,  0.4996E-15,  0.2776E-16, -0.1943E-15, -0.1249E-15, -0.4857E-15,   1.000    , -0.4163E-16,  0.2220E-15, -0.6939E-17,  0.4372E-15, -0.3608E-15, -0.6245E-16,  0.4857E-16,  0.6939E-16,  0.1041E-15, -0.3123E-16,  0.1665E-15
  0.1110E-15,  0.4857E-16,  0.2082E-15, -0.1527E-15, -0.1496E-16, -0.2238E-15,  0.1540E-15, -0.1665E-15,  0.2498E-15, -0.6939E-16, -0.2776E-16,  0.1318E-15, -0.4163E-16,   1.000    ,  0.4302E-15,  0.2429E-15, -0.4163E-16,  0.6939E-16, -0.4857E-16,  0.1596E-15, -0.9714E-16, -0.1006E-15, -0.6939E-17, -0.9021E-16
  0.1076E-15, -0.8327E-16,  0.7633E-16, -0.1700E-15, -0.8782E-16, -0.3469E-16, -0.1871E-15, -0.1665E-15,  0.5551E-16, -0.1527E-15,  0.1527E-15,  0.2706E-15,  0.2220E-15,  0.4302E-15,   1.000    , -0.4927E-15, -0.1041E-15,  0.1249E-15,  0.2290E-15, -0.3192E-15, -0.1943E-15, -0.1110E-15, -0.1596E-15, -0.2776E-16
  0.1891E-15,  0.2706E-15,  0.2429E-16, -0.2429E-15, -0.2635E-16, -0.1648E-16,  0.4771E-15, -0.1180E-15, -0.1735E-16,  0.8327E-16, -0.1457E-15,  0.2151E-15, -0.6939E-17,  0.2429E-15, -0.4927E-15,   1.000    ,  0.7633E-16,  0.8674E-16,  0.3296E-16, -0.3296E-16, -0.2116E-15, -0.6939E-17, -0.1388E-15, -0.3296E-15
  0.5638E-16, -0.6939E-16,  0.6245E-16,  0.3591E-15,  0.4597E-16,  0.1197E-15, -0.8370E-16,  0.3331E-15,  0.7633E-16, -0.9021E-16,  0.1110E-15,  0.1631E-15,  0.4372E-15, -0.4163E-16, -0.1041E-15,  0.7633E-16,   1.000    ,  0.1249E-15,  0.1804E-15, -0.1457E-15,  0.1492E-15,  0.1284E-15,  0.4684E-16, -0.8674E-16
 -0.1726E-15, -0.2602E-15, -0.1596E-15, -0.4857E-16,  0.2494E-17,  0.4337E-17,  0.2625E-15, -0.6939E-16,  0.1249E-15, -0.6939E-17,  0.1388E-15,  0.6245E-16, -0.3608E-15,  0.6939E-16,  0.1249E-15,  0.8674E-16,  0.1249E-15,   1.000    , -0.1249E-15,  0.3643E-15,  0.9021E-16, -0.5725E-16, -0.1128E-15,  0.1631E-15
 -0.1171E-15,  0.6245E-16, -0.1006E-15, -0.1006E-15, -0.2353E-16, -0.1245E-15,  0.1702E-15,  0.2082E-16, -0.3469E-15,  0.1596E-15, -0.3469E-16,  0.1041E-16, -0.6245E-16, -0.4857E-16,  0.2290E-15,  0.3296E-16,  0.1804E-15, -0.1249E-15,   1.000    , -0.4892E-15, -0.2463E-15, -0.1093E-15,  0.2255E-16, -0.7633E-16
  0.8153E-16, -0.5898E-16,  0.1874E-15, -0.8153E-16, -0.2537E-16,  0.1414E-15, -0.6264E-16, -0.1874E-15,  0.7633E-16,  0.1596E-15,  0.1388E-16,  0.2186E-15,  0.4857E-16,  0.1596E-15, -0.3192E-15, -0.3296E-16, -0.1457E-15,  0.3643E-15, -0.4892E-15,   1.000    , -0.2359E-15,  0.1214E-16, -0.4562E-15, -0.3608E-15
 -0.2862E-16,  0.2498E-15,  0.4163E-16, -0.1457E-15,  0.7297E-16, -0.1804E-15, -0.2364E-16, -0.8327E-16,  0.2082E-15,  0.6939E-16,  0.2220E-15, -0.5551E-16,  0.6939E-16, -0.9714E-16, -0.1943E-15, -0.2116E-15,  0.1492E-15,  0.9021E-16, -0.2463E-15, -0.2359E-15,   1.000    ,  0.1874E-15, -0.4857E-16, -0.2082E-16
  0.2819E-16, -0.3123E-16,  0.7286E-16,  0.1232E-15,  0.8104E-16,  0.5031E-16, -0.3779E-15, -0.1527E-15, -0.4857E-16, -0.5898E-16, -0.1527E-15, -0.1076E-15,  0.1041E-15, -0.1006E-15, -0.1110E-15, -0.6939E-17,  0.1284E-15, -0.5725E-16, -0.1093E-15,  0.1214E-16,  0.1874E-15,   1.000    ,  0.1839E-15, -0.1492E-15
  0.7568E-16,  0.1396E-15, -0.5204E-16, -0.4597E-16,  0.5567E-16,  0.9845E-16,  0.4453E-16,  0.8327E-16,  0.3816E-16,  0.2030E-15,  0.6939E-17, -0.3643E-16, -0.3123E-16, -0.6939E-17, -0.1596E-15, -0.1388E-15,  0.4684E-16, -0.1128E-15,  0.2255E-16, -0.4562E-15, -0.4857E-16,  0.1839E-15,   1.000    , -0.1023E-15
 -0.1310E-15,  0.1318E-15,  0.1318E-15, -0.1978E-15,  0.6852E-16,  0.1622E-15,  0.1884E-15,  0.2776E-16, -0.5551E-16,  0.1388E-15,  0.1388E-15, -0.6245E-16,  0.1665E-15, -0.9021E-16, -0.2776E-16, -0.3296E-15, -0.8674E-16,  0.1631E-15, -0.7633E-16, -0.3608E-15, -0.2082E-16, -0.1492E-15, -0.1023E-15,   1.000    
 
 Input in Angstroem
 Free boundary conditions
 Reading input file completed
 rxyz0: 
 
   0.000    ,   0.000    ,  -1.927    ,  0.9633    ,  0.9633    ,   1.927    , -0.9633    , -0.9633    
   0.000    ,   0.000    ,   0.000    ,   1.668    ,  -1.668    ,   0.000    ,  -1.668    ,   1.668    
   1.452    ,  -1.452    ,   2.188    ,   2.188    ,   2.188    ,  -2.188    ,  -2.188    ,  -2.188    
 
 sigma2 from ev, modifier = 1
 sigma^2=    5.68835256723445        1.82563969400668     
   1.78188757376256        1.48286617630174        1.23243494686383     
   1.23232255534056        3.20351566159456        3.76003196225988     
   3.68641784417847        2.55508298889725        2.52920732748591     
   2.28702465235285        1.11447618077397        1.07492759181087     
   1.03623945966698        1.04486988456376        1.03790449792701     
   5.35412354227997     
 e0 theory =   7.247229606385100E-002
 Input etot:   -5.69889163000000     
Step     1 of   200--------------------------------
 number of walkers =          100
 et =   -5.69524870225100     
 e0 =   -5.69920015335083     
Step     2 of   200--------------------------------
 number of walkers =          100
 et =   -5.69195457019400     
 e0 =   -5.69920015335083     
Step     3 of   200--------------------------------
 number of walkers =          100
 et =   -5.68856215364301     
 e0 =   -5.69920015335083     
Step     4 of   200--------------------------------
 number of walkers =           99
 et =   -5.68577940114950     
 e0 =   -5.69920015335083     
Step     5 of   200--------------------------------
 number of walkers =           98
 et =   -5.68130470025102     
 e0 =   -5.69920015335083     
Step     6 of   200--------------------------------
 number of walkers =           93
 et =   -5.67920350771290     
 e0 =   -5.69920015335083     
Step     7 of   200--------------------------------
 number of walkers =           91
 et =   -5.67578204423517     
 e0 =   -5.69920015335083     
Step     8 of   200--------------------------------
 number of walkers =           89
 et =   -5.67271281629551     
 e0 =   -5.69920015335083     
Step     9 of   200--------------------------------
 number of walkers =           86
 et =   -5.66896418459884     
 e0 =   -5.69920015335083     
Step    10 of   200--------------------------------
 number of walkers =           81
 et =   -5.66669048338642     
 e0 =   -5.69920015335083     
Step    11 of   200--------------------------------
 number of walkers =           78
 et =   -5.66560038894487     
 e0 =   -5.69920015335083     
Step    12 of   200--------------------------------
 number of walkers =           78
 et =   -5.66537492648333     
 e0 =   -5.69920015335083     
Step    13 of   200--------------------------------
 number of walkers =           79
 et =   -5.66395339263797     
 e0 =   -5.69920015335083     
Step    14 of   200--------------------------------
 number of walkers =           81
 et =   -5.66263683672469     
 e0 =   -5.69920015335083     
Step    15 of   200--------------------------------
 number of walkers =           84
 et =   -5.66217333184881     
 e0 =   -5.69920015335083     
Step    16 of   200--------------------------------
 number of walkers =           84
 et =   -5.65953125332262     
 e0 =   -5.69920015335083     
Step    17 of   200--------------------------------
 number of walkers =           89
 et =   -5.65788058860562     
 e0 =   -5.69920015335083     
Step    18 of   200--------------------------------
 number of walkers =           88
 et =   -5.65623480130114     
 e0 =   -5.69920015335083     
Step    19 of   200--------------------------------
 number of walkers =           93
 et =   -5.65825206156882     
 e0 =   -5.69920015335083     
Step    20 of   200--------------------------------
 number of walkers =           93
 et =   -5.65765526311721     
 e0 =   -5.69920015335083     
Step    21 of   200--------------------------------
 number of walkers =           97
 et =   -5.65757433370000     
 e0 =   -5.69920015335083     
Step    22 of   200--------------------------------
 number of walkers =           97
 et =   -5.65666707544124     
 e0 =   -5.69920015335083     
Step    23 of   200--------------------------------
 number of walkers =           98
 et =   -5.65649929567449     
 e0 =   -5.69920015335083     
Step    24 of   200--------------------------------
 number of walkers =           97
 et =   -5.65606086995361     
 e0 =   -5.69920015335083     
Step    25 of   200--------------------------------
 number of walkers =           98
 et =   -5.65712617972551     
 e0 =   -5.69920015335083     
Step    26 of   200--------------------------------
 number of walkers =          100
 et =   -5.65572660932100     
 e0 =   -5.69920015335083     
Step    27 of   200--------------------------------
 number of walkers =          101
 et =   -5.65739574705148     
 e0 =   -5.69920015335083     
Step    28 of   200--------------------------------
 number of walkers =          101
 et =   -5.65779375462475     
 e0 =   -5.69920015335083     
Step    29 of   200--------------------------------
 number of walkers =          108
 et =   -5.65852906961296     
 e0 =   -5.69920015335083     
Step    30 of   200--------------------------------
 number of walkers =          104
 et =   -5.65632839275192     
 e0 =   -5.69920015335083     
Step    31 of   200--------------------------------
 number of walkers =          110
 et =   -5.65783475946364     
 e0 =   -5.69920015335083     
Step    32 of   200--------------------------------
 number of walkers =          110
 et =   -5.65652680028818     
 e0 =   -5.69920015335083     
Step    33 of   200--------------------------------
 number of walkers =          116
 et =   -5.65792090746379     
 e0 =   -5.69920015335083     
Step    34 of   200--------------------------------
 number of walkers =          113
 et =   -5.65716212772744     
 e0 =   -5.69920015335083     
Step    35 of   200--------------------------------
 number of walkers =          110
 et =   -5.65708139218909     
 e0 =   -5.69920015335083     
Step    36 of   200--------------------------------
 number of walkers =          111
 et =   -5.65449933997117     
 e0 =   -5.69920015335083     
Step    37 of   200--------------------------------
 number of walkers =          113
 et =   -5.65369113454159     
 e0 =   -5.69920015335083     
Step    38 of   200--------------------------------
 number of walkers =          109
 et =   -5.65237269402477     
 e0 =   -5.69920015335083     
Step    39 of   200--------------------------------
 number of walkers =          108
 et =   -5.65139882230926     
 e0 =   -5.69920015335083     
Step    40 of   200--------------------------------
 number of walkers =          109
 et =   -5.65226996708624     
 e0 =   -5.69920015335083     
Step    41 of   200--------------------------------
 number of walkers =          109
 et =   -5.65335014735780     
 e0 =   -5.69920015335083     
Step    42 of   200--------------------------------
 number of walkers =          111
 et =   -5.65293760585766     
 e0 =   -5.69920015335083     
Step    43 of   200--------------------------------
 number of walkers =          109
 et =   -5.65077398512202     
 e0 =   -5.69920015335083     
Step    44 of   200--------------------------------
 number of walkers =          113
 et =   -5.65147808460708     
 e0 =   -5.69920015335083     
Step    45 of   200--------------------------------
 number of walkers =          118
 et =   -5.65231549046949     
 e0 =   -5.69920015335083     
Step    46 of   200--------------------------------
 number of walkers =          119
 et =   -5.65100200730672     
 e0 =   -5.69920015335083     
Step    47 of   200--------------------------------
 number of walkers =          114
 et =   -5.64937991990438     
 e0 =   -5.69920015335083     
Step    48 of   200--------------------------------
 number of walkers =          116
 et =   -5.64932086464483     
 e0 =   -5.69920015335083     
Step    49 of   200--------------------------------
 number of walkers =          112
 et =   -5.64859997943750     
 e0 =   -5.69920015335083     
Step    50 of   200--------------------------------
 number of walkers =          110
 et =   -5.64623445358091     
 e0 =   -5.69920015335083     
Step    51 of   200--------------------------------
 number of walkers =          122
 et =   -5.64907456921312     
 e0 =   -5.69920015335083     
Step    52 of   200--------------------------------
 number of walkers =          118
 et =   -5.64786361039746     
 e0 =   -5.69920015335083     
Step    53 of   200--------------------------------
 number of walkers =          114
 et =   -5.64606008974210     
 e0 =   -5.69920015335083     
Step    54 of   200--------------------------------
 number of walkers =          113
 et =   -5.64597085586903     
 e0 =   -5.69920015335083     
Step    55 of   200--------------------------------
 number of walkers =          109
 et =   -5.64537079365871     
 e0 =   -5.69920015335083     
Step    56 of   200--------------------------------
 number of walkers =          121
 et =   -5.64746745243058     
 e0 =   -5.69920015335083     
Step    57 of   200--------------------------------
 number of walkers =          115
 et =   -5.64761022251565     
 e0 =   -5.69920015335083     
Step    58 of   200--------------------------------
 number of walkers =          116
 et =   -5.64883815024396     
 e0 =   -5.69920015335083     
Step    59 of   200--------------------------------
 number of walkers =          117
 et =   -5.64955386324273     
 e0 =   -5.69920015335083     
Step    60 of   200--------------------------------
 number of walkers =          115
 et =   -5.64897259597826     
 e0 =   -5.69920015335083     
Step    61 of   200--------------------------------
 number of walkers =          119
 et =   -5.64914129397731     
 e0 =   -5.69920015335083     
Step    62 of   200--------------------------------
 number of walkers =          125
 et =   -5.64945744625200     
 e0 =   -5.69920015335083     
Step    63 of   200--------------------------------
 number of walkers =          121
 et =   -5.64806059041488     
 e0 =   -5.69920015335083     
Step    64 of   200--------------------------------
 number of walkers =          122
 et =   -5.64848005893607     
 e0 =   -5.69920015335083     
Step    65 of   200--------------------------------
 number of walkers =          121
 et =   -5.64814373383967     
 e0 =   -5.69920015335083     
Step    66 of   200--------------------------------
 number of walkers =          122
 et =   -5.64748308889017     
 e0 =   -5.69920015335083     
Step    67 of   200--------------------------------
 number of walkers =          123
 et =   -5.64828401009594     
 e0 =   -5.69920015335083     
Step    68 of   200--------------------------------
 number of walkers =          121
 et =   -5.64637210318760     
 e0 =   -5.69920015335083     
Step    69 of   200--------------------------------
 number of walkers =          121
 et =   -5.64644176299587     
 e0 =   -5.69920015335083     
Step    70 of   200--------------------------------
 number of walkers =          117
 et =   -5.64442425031624     
 e0 =   -5.69920015335083     
Step    71 of   200--------------------------------
 number of walkers =          121
 et =   -5.64715805715537     
 e0 =   -5.69920015335083     
Step    72 of   200--------------------------------
 number of walkers =          119
 et =   -5.64642801776807     
 e0 =   -5.69920015335083     
Step    73 of   200--------------------------------
 number of walkers =          118
 et =   -5.64651336513644     
 e0 =   -5.69920015335083     
Step    74 of   200--------------------------------
 number of walkers =          121
 et =   -5.64760488893719     
 e0 =   -5.69920015335083     
Step    75 of   200--------------------------------
 number of walkers =          117
 et =   -5.64715368957436     
 e0 =   -5.69920015335083     
Step    76 of   200--------------------------------
 number of walkers =          117
 et =   -5.64625205463077     
 e0 =   -5.69920015335083     
Step    77 of   200--------------------------------
 number of walkers =          119
 et =   -5.64730453215966     
 e0 =   -5.69920015335083     
Step    78 of   200--------------------------------
 number of walkers =          119
 et =   -5.64794231266638     
 e0 =   -5.69920015335083     
Step    79 of   200--------------------------------
 number of walkers =          116
 et =   -5.64569149785086     
 e0 =   -5.69920015335083     
Step    80 of   200--------------------------------
 number of walkers =          121
 et =   -5.64596030968843     
 e0 =   -5.69920015335083     
Step    81 of   200--------------------------------
 number of walkers =          121
 et =   -5.64552740973058     
 e0 =   -5.69920015335083     
Step    82 of   200--------------------------------
 number of walkers =          118
 et =   -5.64414932492034     
 e0 =   -5.69920015335083     
Step    83 of   200--------------------------------
 number of walkers =          119
 et =   -5.64497001702269     
 e0 =   -5.69920015335083     
Step    84 of   200--------------------------------
 number of walkers =          118
 et =   -5.64445206771949     
 e0 =   -5.69920015335083     
Step    85 of   200--------------------------------
 number of walkers =          119
 et =   -5.64393477259244     
 e0 =   -5.69920015335083     
Step    86 of   200--------------------------------
 number of walkers =          120
 et =   -5.64590186782083     
 e0 =   -5.69920015335083     
Step    87 of   200--------------------------------
 number of walkers =          116
 et =   -5.64325395409828     
 e0 =   -5.69920015335083     
Step    88 of   200--------------------------------
 number of walkers =          113
 et =   -5.64213650722124     
 e0 =   -5.69920015335083     
Step    89 of   200--------------------------------
 number of walkers =          117
 et =   -5.64198173195811     
 e0 =   -5.69920015335083     
Step    90 of   200--------------------------------
 number of walkers =          119
 et =   -5.64273921990084     
 e0 =   -5.69920015335083     
Step    91 of   200--------------------------------
 number of walkers =          118
 et =   -5.64082784303729     
 e0 =   -5.69920015335083     
Step    92 of   200--------------------------------
 number of walkers =          123
 et =   -5.64345372637155     
 e0 =   -5.69920015335083     
Step    93 of   200--------------------------------
 number of walkers =          122
 et =   -5.64525298244262     
 e0 =   -5.69920015335083     
Step    94 of   200--------------------------------
 number of walkers =          115
 et =   -5.64396781154348     
 e0 =   -5.69920015335083     
Step    95 of   200--------------------------------
 number of walkers =          118
 et =   -5.64398919211441     
 e0 =   -5.69920015335083     
Step    96 of   200--------------------------------
 number of walkers =          117
 et =   -5.64601506991624     
 e0 =   -5.69920015335083     
Step    97 of   200--------------------------------
 number of walkers =          115
 et =   -5.64492094608522     
 e0 =   -5.69920015335083     
Step    98 of   200--------------------------------
 number of walkers =          113
 et =   -5.64496210960531     
 e0 =   -5.69920015335083     
Step    99 of   200--------------------------------
 number of walkers =          117
 et =   -5.64660040050342     
 e0 =   -5.69920015335083     
Step   100 of   200--------------------------------
 number of walkers =          119
 et =   -5.64733909775462     
 e0 =   -5.69920015335083     
Step   101 of   200--------------------------------
 number of walkers =          119
 et =   -5.64788502543697     
 e0 =   -5.69920015335083     
Step   102 of   200--------------------------------
 number of walkers =          119
 et =   -5.64604583640336     
 e0 =   -5.69920015335083     
Step   103 of   200--------------------------------
 number of walkers =          116
 et =   -5.64446083340172     
 e0 =   -5.69920015335083     
Step   104 of   200--------------------------------
 number of walkers =          122
 et =   -5.64623159068114     
 e0 =   -5.69920015335083     
Step   105 of   200--------------------------------
 number of walkers =          121
 et =   -5.64487093367356     
 e0 =   -5.69920015335083     
Step   106 of   200--------------------------------
 number of walkers =          117
 et =   -5.64361795084615     
 e0 =   -5.69920015335083     
Step   107 of   200--------------------------------
 number of walkers =          122
 et =   -5.64599040799590     
 e0 =   -5.69920015335083     
Step   108 of   200--------------------------------
 number of walkers =          120
 et =   -5.64510271442083     
 e0 =   -5.69920015335083     
Step   109 of   200--------------------------------
 number of walkers =          121
