SLURM_NTASKS: 1
SLURM_NTASKS_PER_NODE: 1
SLURM_CPUS_PER_TASK: 1
 delta_t =    10.0000000000000     
 hessian: 
 
  0.5519    , -0.2650E-08, -0.1668E-03, -0.8312E-01, -0.1080E-07, -0.4415E-03, -0.2656    ,  0.2876E-06,  0.7791E-01, -0.1035    , -0.9423E-01, -0.3859E-01, -0.1035    ,  0.9423E-01, -0.3859E-01,  0.2545E-02,  0.6096E-05,  0.3281E-01,  0.5821E-03,  0.1041E-02, -0.1646E-01,  0.5871E-03, -0.1035E-02, -0.1646E-01
 -0.2650E-08,  0.5519    , -0.7829E-05, -0.4950E-08, -0.8311E-01, -0.1604E-04, -0.5550E-08, -0.4893E-01,  0.6744E-06, -0.9424E-01, -0.2118    , -0.6669E-01,  0.9424E-01, -0.2118    ,  0.6669E-01, -0.4296E-06,  0.3560E-04,  0.2558E-05,  0.9570E-03,  0.1847E-02, -0.2844E-01, -0.9535E-03,  0.1842E-02,  0.2845E-01
 -0.1668E-03, -0.7829E-05,  0.4881    , -0.4420E-03, -0.1604E-04, -0.2244    ,  0.7782E-01,  0.1524E-05, -0.7597E-01, -0.3854E-01, -0.6661E-01, -0.7527E-01, -0.3855E-01,  0.6662E-01, -0.7527E-01,  0.1619E-02,  0.8007E-06, -0.1253E-01, -0.8688E-03, -0.1438E-02, -0.1236E-01, -0.8760E-03,  0.1453E-02, -0.1236E-01
 -0.8312E-01, -0.4950E-08, -0.4420E-03,  0.5519    , -0.7400E-08, -0.1736E-03,  0.2559E-02,  0.6095E-05,  0.3280E-01,  0.5879E-03,  0.1048E-02, -0.1646E-01,  0.5929E-03, -0.1042E-02, -0.1646E-01, -0.2656    ,  0.2914E-06,  0.7791E-01, -0.1035    , -0.9423E-01, -0.3859E-01, -0.1034    ,  0.9423E-01, -0.3859E-01
 -0.1080E-07, -0.8311E-01, -0.1604E-04, -0.7400E-08,  0.5519    , -0.7829E-05,  0.1180E-07,  0.3560E-04,  0.2557E-05,  0.9570E-03,  0.1847E-02, -0.2844E-01, -0.9535E-03,  0.1842E-02,  0.2845E-01, -0.7550E-07, -0.4893E-01,  0.6697E-06, -0.9424E-01, -0.2118    , -0.6669E-01,  0.9424E-01, -0.2118    ,  0.6669E-01
 -0.4415E-03, -0.1604E-04, -0.2244    , -0.1736E-03, -0.7829E-05,  0.4881    ,  0.1615E-02,  0.8008E-06, -0.1253E-01, -0.8688E-03, -0.1438E-02, -0.1236E-01, -0.8760E-03,  0.1453E-02, -0.1236E-01,  0.7783E-01,  0.1524E-05, -0.7597E-01, -0.3854E-01, -0.6661E-01, -0.7527E-01, -0.3855E-01,  0.6662E-01, -0.7527E-01
 -0.2656    , -0.5550E-08,  0.7782E-01,  0.2559E-02,  0.1180E-07,  0.1615E-02,  0.2788    , -0.1072E-05, -0.8875E-01, -0.9236E-02,  0.3717E-02,  0.5128E-02, -0.9237E-02, -0.3717E-02,  0.5127E-02,  0.1659E-02, -0.2596E-05, -0.7851E-03,  0.5144E-03,  0.1021E-04, -0.8592E-04,  0.5108E-03, -0.1375E-04, -0.8365E-04
  0.2876E-06, -0.4893E-01,  0.1524E-05,  0.6095E-05,  0.3560E-04,  0.8008E-06, -0.1072E-05,  0.4341E-01,  0.3689E-06, -0.2305E-01,  0.1958E-02,  0.9206E-02,  0.2305E-01,  0.1958E-02, -0.9207E-02, -0.2551E-05,  0.1026E-02,  0.7334E-06,  0.4135E-03,  0.2676E-03,  0.2460E-03, -0.4170E-03,  0.2713E-03, -0.2483E-03
  0.7791E-01,  0.6744E-06, -0.7597E-01,  0.3280E-01,  0.2557E-05, -0.1253E-01, -0.8875E-01,  0.3689E-06,  0.8489E-01, -0.1042E-01,  0.1484E-03,  0.2938E-02, -0.1041E-01, -0.1491E-03,  0.2939E-02, -0.7892E-03,  0.7337E-06, -0.5871E-02, -0.1678E-03,  0.2010E-03,  0.1812E-02, -0.1653E-03, -0.2019E-03,  0.1813E-02
 -0.1035    , -0.9424E-01, -0.3854E-01,  0.5879E-03,  0.9570E-03, -0.8688E-03, -0.9236E-02, -0.2305E-01, -0.1042E-01,  0.1027    ,  0.1024    ,  0.4403E-01,  0.7579E-02,  0.1343E-01,  0.5349E-02,  0.5149E-03,  0.4135E-03, -0.1678E-03,  0.1188E-02,  0.2800E-03,  0.3613E-03,  0.1467E-03, -0.2021E-03,  0.2647E-03
 -0.9423E-01, -0.2118    , -0.6661E-01,  0.1048E-02,  0.1847E-02, -0.1438E-02,  0.3717E-02,  0.1958E-02,  0.1484E-03,  0.1024    ,  0.2204    ,  0.7603E-01, -0.1343E-01, -0.1482E-01, -0.8932E-02,  0.9203E-05,  0.2676E-03,  0.2010E-03,  0.2800E-03,  0.1506E-02,  0.6637E-03,  0.2005E-03,  0.6340E-03, -0.4788E-04
 -0.3859E-01, -0.6669E-01, -0.7527E-01, -0.1646E-01, -0.2844E-01, -0.1236E-01,  0.5128E-02,  0.9206E-02,  0.2938E-02,  0.4403E-01,  0.7603E-01,  0.8406E-01,  0.5348E-02,  0.8933E-02,  0.2890E-02, -0.8685E-04,  0.2460E-03,  0.1812E-02,  0.3614E-03,  0.6637E-03, -0.5873E-02,  0.2652E-03,  0.4497E-04,  0.1812E-02
 -0.1035    ,  0.9424E-01, -0.3855E-01,  0.5929E-03, -0.9535E-03, -0.8760E-03, -0.9237E-02,  0.2305E-01, -0.1041E-01,  0.7579E-02, -0.1343E-01,  0.5348E-02,  0.1027    , -0.1024    ,  0.4403E-01,  0.5111E-03, -0.4170E-03, -0.1653E-03,  0.1467E-03,  0.2005E-03,  0.2652E-03,  0.1188E-02, -0.2832E-03,  0.3643E-03
  0.9423E-01, -0.2118    ,  0.6662E-01, -0.1042E-02,  0.1842E-02,  0.1453E-02, -0.3717E-02,  0.1958E-02, -0.1491E-03,  0.1343E-01, -0.1482E-01,  0.8933E-02, -0.1024    ,  0.2204    , -0.7603E-01, -0.1238E-04,  0.2713E-03, -0.2019E-03, -0.2021E-03,  0.6340E-03,  0.4497E-04, -0.2832E-03,  0.1512E-02, -0.6690E-03
 -0.3859E-01,  0.6669E-01, -0.7527E-01, -0.1646E-01,  0.2845E-01, -0.1236E-01,  0.5127E-02, -0.9207E-02,  0.2939E-02,  0.5349E-02, -0.8932E-02,  0.2890E-02,  0.4403E-01, -0.7603E-01,  0.8406E-01, -0.8472E-04, -0.2483E-03,  0.1813E-02,  0.2647E-03, -0.4788E-04,  0.1812E-02,  0.3643E-03, -0.6690E-03, -0.5869E-02
  0.2545E-02, -0.4296E-06,  0.1619E-02, -0.2656    , -0.7550E-07,  0.7783E-01,  0.1659E-02, -0.2551E-05, -0.7892E-03,  0.5149E-03,  0.9203E-05, -0.8685E-04,  0.5111E-03, -0.1238E-04, -0.8472E-04,  0.2788    , -0.1064E-05, -0.8875E-01, -0.9235E-02,  0.3717E-02,  0.5127E-02, -0.9237E-02, -0.3717E-02,  0.5126E-02
  0.6096E-05,  0.3560E-04,  0.8007E-06,  0.2914E-06, -0.4893E-01,  0.1524E-05, -0.2596E-05,  0.1026E-02,  0.7337E-06,  0.4135E-03,  0.2676E-03,  0.2460E-03, -0.4170E-03,  0.2713E-03, -0.2483E-03, -0.1064E-05,  0.4341E-01,  0.3716E-06, -0.2305E-01,  0.1958E-02,  0.9207E-02,  0.2305E-01,  0.1958E-02, -0.9207E-02
  0.3281E-01,  0.2558E-05, -0.1253E-01,  0.7791E-01,  0.6697E-06, -0.7597E-01, -0.7851E-03,  0.7334E-06, -0.5871E-02, -0.1678E-03,  0.2010E-03,  0.1812E-02, -0.1653E-03, -0.2019E-03,  0.1813E-02, -0.8875E-01,  0.3716E-06,  0.8489E-01, -0.1042E-01,  0.1484E-03,  0.2938E-02, -0.1041E-01, -0.1491E-03,  0.2939E-02
  0.5821E-03,  0.9570E-03, -0.8688E-03, -0.1035    , -0.9424E-01, -0.3854E-01,  0.5144E-03,  0.4135E-03, -0.1678E-03,  0.1188E-02,  0.2800E-03,  0.3614E-03,  0.1467E-03, -0.2021E-03,  0.2647E-03, -0.9235E-02, -0.2305E-01, -0.1042E-01,  0.1027    ,  0.1024    ,  0.4403E-01,  0.7579E-02,  0.1343E-01,  0.5349E-02
  0.1041E-02,  0.1847E-02, -0.1438E-02, -0.9423E-01, -0.2118    , -0.6661E-01,  0.1021E-04,  0.2676E-03,  0.2010E-03,  0.2800E-03,  0.1506E-02,  0.6637E-03,  0.2005E-03,  0.6340E-03, -0.4788E-04,  0.3717E-02,  0.1958E-02,  0.1484E-03,  0.1024    ,  0.2204    ,  0.7603E-01, -0.1343E-01, -0.1482E-01, -0.8932E-02
 -0.1646E-01, -0.2844E-01, -0.1236E-01, -0.3859E-01, -0.6669E-01, -0.7527E-01, -0.8592E-04,  0.2460E-03,  0.1812E-02,  0.3613E-03,  0.6637E-03, -0.5873E-02,  0.2652E-03,  0.4497E-04,  0.1812E-02,  0.5127E-02,  0.9207E-02,  0.2938E-02,  0.4403E-01,  0.7603E-01,  0.8406E-01,  0.5348E-02,  0.8933E-02,  0.2890E-02
  0.5871E-03, -0.9535E-03, -0.8760E-03, -0.1034    ,  0.9424E-01, -0.3855E-01,  0.5108E-03, -0.4170E-03, -0.1653E-03,  0.1467E-03,  0.2005E-03,  0.2652E-03,  0.1188E-02, -0.2832E-03,  0.3643E-03, -0.9237E-02,  0.2305E-01, -0.1041E-01,  0.7579E-02, -0.1343E-01,  0.5348E-02,  0.1027    , -0.1024    ,  0.4403E-01
 -0.1035E-02,  0.1842E-02,  0.1453E-02,  0.9423E-01, -0.2118    ,  0.6662E-01, -0.1375E-04,  0.2713E-03, -0.2019E-03, -0.2021E-03,  0.6340E-03,  0.4497E-04, -0.2832E-03,  0.1512E-02, -0.6690E-03, -0.3717E-02,  0.1958E-02, -0.1491E-03,  0.1343E-01, -0.1482E-01,  0.8933E-02, -0.1024    ,  0.2204    , -0.7603E-01
 -0.1646E-01,  0.2845E-01, -0.1236E-01, -0.3859E-01,  0.6669E-01, -0.7527E-01, -0.8365E-04, -0.2483E-03,  0.1813E-02,  0.2647E-03, -0.4788E-04,  0.1812E-02,  0.3643E-03, -0.6690E-03, -0.5869E-02,  0.5126E-02, -0.9207E-02,  0.2939E-02,  0.5349E-02, -0.8932E-02,  0.2890E-02,  0.4403E-01, -0.7603E-01,  0.8406E-01
 
 eigenvalues_full: 
 
 -0.9216E-05
 -0.4951E-05
 -0.7739E-06
 -0.1190E-08
 -0.9286E-09
 -0.2511E-09
  0.2944E-02
  0.3270E-01
  0.3271E-01
  0.5865E-01
  0.7832E-01
  0.7833E-01
  0.1018    
  0.1018    
  0.1409    
  0.1410    
  0.1560    
  0.2547    
  0.4790    
  0.7531    
  0.7531    
  0.7726    
  0.8444    
  0.8445    
 
 eigenvectors: 
 
  0.9438E-03,  0.2178    , -0.1914E-03,  0.2128E-01, -0.2393    , -0.2583    , -0.2146E-05, -0.1737E-02, -0.1598    , -0.3067E-03,  0.1056E-02, -0.2823E-01, -0.3996E-01, -0.2095    ,  0.1023E-03,  0.3028    ,  0.1197E-02, -0.6687E-03,  0.1403E-02,  0.1647    ,  0.5261    ,  0.1800E-02, -0.4950E-01, -0.5985    
  0.2023    , -0.7639E-03,  0.7728E-01,  0.1351    , -0.2340    ,  0.2280    , -0.1303E-04,  0.1598    , -0.1738E-02, -0.3833E-05, -0.2828E-01, -0.1063E-02, -0.2095    ,  0.3995E-01, -0.3028    ,  0.1044E-03,  0.1043E-04,  0.5885E-05,  0.5954E-04,  0.5262    , -0.1647    , -0.9271E-04,  0.5985    , -0.4949E-01
  0.1149E-04, -0.7045E-03, -0.1191E-04, -0.3261    , -0.1127    ,  0.7751E-01,  0.1967E-05,  0.2458E-05,  0.5244E-03, -0.7500E-01, -0.5735E-05,  0.8974E-04,  0.1247E-03,  0.6727E-03, -0.6181E-05, -0.9244E-03,  0.3844    , -0.2242    ,  0.4766    , -0.5823E-03, -0.1643E-02,  0.6664    ,  0.2245E-03,  0.1455E-02
 -0.9035E-03, -0.2153    ,  0.3089E-03,  0.2141E-01, -0.2403    , -0.2594    , -0.2127E-05, -0.1737E-02, -0.1598    ,  0.3074E-03, -0.1056E-02,  0.2823E-01, -0.3996E-01, -0.2095    , -0.1023E-03, -0.3028    ,  0.1204E-02,  0.6638E-03,  0.1426E-02,  0.1647    ,  0.5262    , -0.1639E-02,  0.4949E-01,  0.5984    
 -0.2023    ,  0.7766E-03, -0.7735E-01,  0.1351    , -0.2340    ,  0.2279    , -0.1310E-04,  0.1598    , -0.1738E-02,  0.3909E-05,  0.2828E-01,  0.1063E-02, -0.2095    ,  0.3995E-01,  0.3028    , -0.1045E-03,  0.1061E-04, -0.6223E-05,  0.5928E-04,  0.5262    , -0.1647    ,  0.9564E-04, -0.5985    ,  0.4950E-01
  0.2305E-04,  0.6596E-03, -0.1865E-04, -0.3261    , -0.1127    ,  0.7751E-01,  0.1967E-05,  0.2416E-05,  0.5201E-03,  0.7499E-01,  0.5575E-05, -0.8695E-04,  0.1246E-03,  0.6718E-03,  0.6157E-05,  0.9312E-03,  0.3844    ,  0.2242    ,  0.4766    , -0.5213E-03, -0.1460E-02, -0.6664    , -0.2260E-03, -0.1472E-02
  0.1426E-02,  0.3317    , -0.3276E-03,  0.2125E-01, -0.2390    , -0.2580    ,  0.1409E-05,  0.5114E-03,  0.4707E-01, -0.1111    , -0.3828E-02,  0.1020    , -0.5787E-01, -0.3036    ,  0.1298E-03,  0.3566    , -0.3181    ,  0.3760    ,  0.2558    , -0.9938E-01, -0.3174    ,  0.1141    ,  0.2426E-01,  0.2931    
  0.4536    , -0.2226E-02, -0.2637    ,  0.1351    , -0.2340    ,  0.2279    , -0.4082    , -0.6108E-01,  0.6631E-03,  0.1820E-05, -0.4229    , -0.1589E-01,  0.4430    , -0.8447E-01,  0.2111    , -0.7064E-04,  0.5479E-05, -0.9726E-05, -0.2810E-05, -0.3294E-01,  0.1032E-01,  0.5234E-05, -0.3225E-01,  0.2673E-02
  0.1250E-02,  0.2902    , -0.3493E-03, -0.3261    , -0.1120    ,  0.7826E-01,  0.1924E-06,  0.6051E-02,  0.5571    , -0.3903    , -0.1422E-01,  0.3783    , -0.1202E-01, -0.6302E-01, -0.1084E-03, -0.3171    , -0.1272    , -0.9267E-01, -0.1597    ,  0.4104E-01,  0.1310    , -0.7511E-01, -0.6027E-02, -0.7272E-01
  0.1269    ,  0.3295    , -0.3308    ,  0.2127E-01, -0.2390    , -0.2581    , -0.3536    ,  0.8928E-02,  0.5624E-01,  0.5365E-01,  0.2367    , -0.2841    , -0.2741    ,  0.3181    , -0.2471    , -0.6829E-01,  0.1585    , -0.1884    , -0.1286    , -0.1564    , -0.6563E-01, -0.5726E-01, -0.1052    ,  0.1071    
  0.2350    , -0.6328E-03,  0.3083    ,  0.1351    , -0.2340    ,  0.2280    ,  0.2041    , -0.4940E-01, -0.6265E-02,  0.9520E-01, -0.3866E-01,  0.2256    , -0.1784    , -0.3009    , -0.2153    ,  0.2463    ,  0.2752    , -0.3258    , -0.2220    , -0.2852    , -0.4614E-01, -0.9880E-01, -0.2188    ,  0.1320    
 -0.2366    , -0.1458    , -0.8885E-01, -0.3260    , -0.1130    ,  0.7710E-01,  0.1124E-02,  0.4795    , -0.2840    , -0.3910    , -0.3215    , -0.2006    ,  0.6230E-01,  0.2042E-01, -0.2727    ,  0.1582    , -0.1286    , -0.9086E-01, -0.1585    , -0.1325    , -0.2957E-01, -0.7455E-01, -0.5896E-01,  0.4080E-01
 -0.1241    ,  0.3313    ,  0.3302    ,  0.2125E-01, -0.2390    , -0.2580    ,  0.3536    , -0.7697E-02,  0.5642E-01,  0.5366E-01, -0.2147    , -0.3011    ,  0.3719    ,  0.1949    ,  0.2471    , -0.6846E-01,  0.1585    , -0.1884    , -0.1286    ,  0.9106E-01, -0.1431    , -0.5730E-01,  0.1214    ,  0.8832E-01
  0.2350    , -0.6365E-03,  0.3083    ,  0.1351    , -0.2340    ,  0.2280    ,  0.2041    , -0.4926E-01,  0.7329E-02, -0.9520E-01, -0.2163E-01, -0.2279    , -0.5514E-01,  0.3454    , -0.2155    , -0.2462    , -0.2752    ,  0.3258    ,  0.2219    , -0.2080    ,  0.2006    ,  0.9887E-01, -0.2374    , -0.9428E-01
  0.2354    , -0.1476    ,  0.8917E-01, -0.3260    , -0.1130    ,  0.7715E-01, -0.1126E-02, -0.4856    , -0.2735    , -0.3910    ,  0.3357    , -0.1759    , -0.5041E-01,  0.4192E-01,  0.2729    ,  0.1580    , -0.1286    , -0.9088E-01, -0.1585    ,  0.9202E-01, -0.9987E-01, -0.7457E-01,  0.6483E-01,  0.3056E-01
 -0.1386E-02, -0.3292    ,  0.4450E-03,  0.2144E-01, -0.2406    , -0.2598    ,  0.1436E-05,  0.5114E-03,  0.4707E-01,  0.1111    ,  0.3828E-02, -0.1020    , -0.5787E-01, -0.3036    , -0.1298E-03, -0.3565    , -0.3181    , -0.3760    ,  0.2558    , -0.9939E-01, -0.3174    , -0.1142    , -0.2426E-01, -0.2931    
 -0.4536    ,  0.2240E-02,  0.2636    ,  0.1351    , -0.2341    ,  0.2280    , -0.4082    , -0.6107E-01,  0.6630E-03, -0.1862E-05,  0.4229    ,  0.1589E-01,  0.4430    , -0.8447E-01, -0.2111    ,  0.7047E-04,  0.5523E-05,  0.9695E-05, -0.2807E-05, -0.3294E-01,  0.1032E-01, -0.5419E-05,  0.3225E-01, -0.2673E-02
 -0.1216E-02, -0.2902    ,  0.3188E-03, -0.3259    , -0.1134    ,  0.7674E-01,  0.2262E-06,  0.6051E-02,  0.5571    ,  0.3903    ,  0.1422E-01, -0.3783    , -0.1201E-01, -0.6300E-01,  0.1084E-03,  0.3171    , -0.1272    ,  0.9267E-01, -0.1597    ,  0.4103E-01,  0.1310    ,  0.7515E-01,  0.6026E-02,  0.7270E-01
 -0.1269    , -0.3270    ,  0.3310    ,  0.2144E-01, -0.2406    , -0.2597    , -0.3535    ,  0.8928E-02,  0.5624E-01, -0.5366E-01, -0.2367    ,  0.2841    , -0.2741    ,  0.3181    ,  0.2471    ,  0.6829E-01,  0.1585    ,  0.1884    , -0.1286    , -0.1564    , -0.6566E-01,  0.5723E-01,  0.1052    , -0.1070    
 -0.2350    ,  0.6446E-03, -0.3084    ,  0.1351    , -0.2341    ,  0.2279    ,  0.2041    , -0.4940E-01, -0.6269E-02, -0.9520E-01,  0.3866E-01, -0.2256    , -0.1784    , -0.3009    ,  0.2153    , -0.2463    ,  0.2752    ,  0.3258    , -0.2220    , -0.2852    , -0.4620E-01,  0.9876E-01,  0.2188    , -0.1320    
  0.2366    ,  0.1457    ,  0.8882E-01, -0.3261    , -0.1123    ,  0.7791E-01,  0.1124E-02,  0.4795    , -0.2840    ,  0.3910    ,  0.3215    ,  0.2006    ,  0.6230E-01,  0.2042E-01,  0.2727    , -0.1582    , -0.1286    ,  0.9085E-01, -0.1585    , -0.1325    , -0.2960E-01,  0.7453E-01,  0.5896E-01, -0.4079E-01
  0.1241    , -0.3288    , -0.3301    ,  0.2146E-01, -0.2406    , -0.2598    ,  0.3535    , -0.7697E-02,  0.5642E-01, -0.5366E-01,  0.2147    ,  0.3011    ,  0.3719    ,  0.1950    , -0.2471    ,  0.6845E-01,  0.1585    ,  0.1884    , -0.1286    ,  0.9105E-01, -0.1431    ,  0.5727E-01, -0.1214    , -0.8830E-01
 -0.2350    ,  0.6509E-03, -0.3084    ,  0.1351    , -0.2341    ,  0.2279    ,  0.2041    , -0.4926E-01,  0.7333E-02,  0.9520E-01,  0.2163E-01,  0.2279    , -0.5513E-01,  0.3454    ,  0.2155    ,  0.2462    , -0.2752    , -0.3258    ,  0.2219    , -0.2080    ,  0.2006    , -0.9883E-01,  0.2374    ,  0.9425E-01
 -0.2353    ,  0.1475    , -0.8920E-01, -0.3261    , -0.1123    ,  0.7787E-01, -0.1126E-02, -0.4856    , -0.2736    ,  0.3910    , -0.3356    ,  0.1759    , -0.5041E-01,  0.4191E-01, -0.2729    , -0.1580    , -0.1286    ,  0.9087E-01, -0.1585    ,  0.9201E-01, -0.9990E-01,  0.7455E-01, -0.6483E-01, -0.3055E-01
 
 delta(i,j): 
 
   1.000    ,  0.9714E-16, -0.2914E-15, -0.1110E-15, -0.7980E-16, -0.8674E-16, -0.5150E-17,   0.000    , -0.9714E-16,  0.4163E-16, -0.6939E-16,  0.1943E-15, -0.1440E-15,  0.2255E-16,  0.2359E-15, -0.6939E-17,  0.1943E-15, -0.1388E-16,  0.1943E-15, -0.2637E-15,  0.1214E-15,  0.2845E-15, -0.7633E-16, -0.6245E-16
  0.9714E-16,   1.000    , -0.6765E-16, -0.1596E-15,  0.3539E-15, -0.9541E-16,  0.5594E-16,  0.5551E-16, -0.2914E-15,  0.2776E-16, -0.8327E-16,  0.4510E-16, -0.8500E-16, -0.1249E-15,  0.2776E-16,  0.2602E-15,  0.2255E-15, -0.6072E-16, -0.5204E-16,  0.6072E-16,  0.3001E-15,  0.1370E-15, -0.8674E-17,  0.1422E-15
 -0.2914E-15, -0.6765E-16,   1.000    ,  0.1041E-15, -0.7286E-16, -0.2333E-15, -0.1833E-15,  0.5551E-16, -0.6939E-17,  0.7633E-16,  0.2255E-15, -0.3469E-16,  0.2507E-15,  0.1002E-15,  0.1978E-15, -0.6418E-16, -0.1874E-15, -0.1197E-15,  0.9021E-16,  0.1318E-15,  0.5204E-17, -0.1180E-15,  0.5464E-16, -0.8674E-17
 -0.1110E-15, -0.1596E-15,  0.1041E-15,   1.000    ,  0.2290E-15, -0.1735E-16, -0.1676E-15, -0.1943E-15, -0.2776E-15,  0.8327E-16, -0.8327E-16, -0.9714E-16,  0.2602E-15,  0.7459E-16,  0.1804E-15,  0.8327E-16, -0.2082E-16, -0.1110E-15,  0.3123E-15,  0.9368E-16, -0.1249E-15,  0.8674E-16, -0.6592E-16,  0.8500E-16
 -0.7980E-16,  0.3539E-15, -0.7286E-16,  0.2290E-15,   1.000    ,  0.3816E-16, -0.1121E-15, -0.2082E-16, -0.1978E-15,  0.6939E-16,  0.4163E-16,  0.4857E-16, -0.2082E-16,  0.1214E-16,  0.6245E-16, -0.2984E-15,  0.1301E-15, -0.4684E-16,  0.3400E-15, -0.2394E-15, -0.1596E-15,  0.3591E-15,  0.4857E-16, -0.2602E-17
 -0.8674E-16, -0.9541E-16, -0.2333E-15, -0.1735E-16,  0.3816E-16,   1.000    , -0.1353E-15,  0.1665E-15, -0.1353E-15, -0.5551E-16,  0.1735E-16,  0.1041E-16,  0.1735E-17, -0.1418E-15, -0.1249E-15,  0.1769E-15, -0.3990E-16,  0.1743E-15,  0.5551E-16, -0.8413E-16,  0.1527E-15, -0.2229E-15,  0.6939E-16, -0.1084E-15
 -0.5150E-17,  0.5594E-16, -0.1833E-15, -0.1676E-15, -0.1121E-15, -0.1353E-15,   1.000    ,  0.2689E-16, -0.2765E-17,  0.1014E-15, -0.2610E-15,  0.2374E-16, -0.2707E-15,  0.1302E-15,  0.7763E-16,  0.1839E-15, -0.4852E-17,  0.7791E-16,  0.3659E-17,  0.1505E-15, -0.2246E-16,  0.1412E-15,  0.1381E-16,  0.5116E-17
   0.000    ,  0.5551E-16,  0.5551E-16, -0.1943E-15, -0.2082E-16,  0.1665E-15,  0.2689E-16,   1.000    , -0.1110E-15, -0.2220E-15, -0.5551E-16, -0.9714E-16, -0.1457E-15, -0.6939E-17,  0.5551E-16,  0.3192E-15,  0.1110E-15, -0.5551E-16,  0.6939E-16,   0.000    , -0.4163E-16,  0.2845E-15,  0.1388E-16,  0.1527E-15
 -0.9714E-16, -0.2914E-15, -0.6939E-17, -0.2776E-15, -0.1978E-15, -0.1353E-15, -0.2765E-17, -0.1110E-15,   1.000    ,   0.000    ,   0.000    ,  0.2845E-15, -0.1527E-15, -0.7633E-16,  0.2498E-15, -0.6245E-16,  0.5551E-16, -0.5898E-16, -0.2776E-16, -0.3469E-16,  0.2776E-16,  0.1353E-15,  0.9021E-16, -0.1388E-16
  0.4163E-16,  0.2776E-16,  0.7633E-16,  0.8327E-16,  0.6939E-16, -0.5551E-16,  0.1014E-15, -0.2220E-15,   0.000    ,   1.000    , -0.2776E-15,  0.8327E-16,  0.7286E-16, -0.5586E-15, -0.1388E-16, -0.1110E-15, -0.3469E-15,  0.1388E-16, -0.3192E-15,  0.8327E-16,  0.2776E-16, -0.9714E-16, -0.1041E-15,  0.1457E-15
 -0.6939E-16, -0.8327E-16,  0.2255E-15, -0.8327E-16,  0.4163E-16,  0.1735E-16, -0.2610E-15, -0.5551E-16,   0.000    , -0.2776E-15,   1.000    ,  0.7286E-15,  0.1492E-15,  0.2255E-16,  0.3053E-15,  0.2706E-15,  0.3400E-15,  0.1839E-15,  0.5551E-16, -0.1041E-16,  0.2082E-16, -0.1249E-15,  0.5898E-16, -0.2602E-15
  0.1943E-15,  0.4510E-16, -0.3469E-16, -0.9714E-16,  0.4857E-16,  0.1041E-16,  0.2374E-16, -0.9714E-16,  0.2845E-15,  0.8327E-16,  0.7286E-15,   1.000    ,  0.1110E-15, -0.1214E-15, -0.1735E-15,  0.7980E-16, -0.2741E-15, -0.2047E-15, -0.9368E-16,  0.1388E-15,  0.1388E-16,  0.5898E-16, -0.1422E-15,  0.7026E-16
 -0.1440E-15, -0.8500E-16,  0.2507E-15,  0.2602E-15, -0.2082E-16,  0.1735E-17, -0.2707E-15, -0.1457E-15, -0.1527E-15,  0.7286E-16,  0.1492E-15,  0.1110E-15,   1.000    ,  0.3222E-15, -0.4163E-16, -0.1908E-16, -0.1015E-15, -0.1128E-16,  0.2585E-15,  0.2602E-17, -0.7199E-16,  0.1583E-15,  0.1357E-15, -0.8305E-16
  0.2255E-16, -0.1249E-15,  0.1002E-15,  0.7459E-16,  0.1214E-16, -0.1418E-15,  0.1302E-15, -0.6939E-17, -0.7633E-16, -0.5586E-15,  0.2255E-16, -0.1214E-15,  0.3222E-15,   1.000    ,  0.3730E-15, -0.4363E-15,  0.2255E-16,  0.3816E-16,  0.2082E-15,  0.1258E-15, -0.2316E-15,  0.1236E-15,  0.1752E-15,  0.2927E-16
  0.2359E-15,  0.2776E-16,  0.1978E-15,  0.1804E-15,  0.6245E-16, -0.1249E-15,  0.7763E-16,  0.5551E-16,  0.2498E-15, -0.1388E-16,  0.3053E-15, -0.1735E-15, -0.4163E-16,  0.3730E-15,   1.000    , -0.2151E-15, -0.3123E-15, -0.2533E-15, -0.7633E-16,  0.1214E-15,  0.1388E-16, -0.2394E-15,  0.5898E-16,  0.5898E-16
 -0.6939E-17,  0.2602E-15, -0.6418E-16,  0.8327E-16, -0.2984E-15,  0.1769E-15,  0.1839E-15,  0.3192E-15, -0.6245E-16, -0.1110E-15,  0.2706E-15,  0.7980E-16, -0.1908E-16, -0.4363E-15, -0.2151E-15,   1.000    , -0.2949E-15, -0.3521E-15, -0.2082E-16, -0.2862E-15, -0.1943E-15,  0.2602E-16, -0.6072E-16,  0.5291E-16
  0.1943E-15,  0.2255E-15, -0.1874E-15, -0.2082E-16,  0.1301E-15, -0.3990E-16, -0.4852E-17,  0.1110E-15,  0.5551E-16, -0.3469E-15,  0.3400E-15, -0.2741E-15, -0.1015E-15,  0.2255E-16, -0.3123E-15, -0.2949E-15,   1.000    , -0.1735E-16, -0.4580E-15, -0.6765E-16,  0.3990E-15, -0.2012E-15, -0.4510E-16, -0.5117E-16
 -0.1388E-16, -0.6072E-16, -0.1197E-15, -0.1110E-15, -0.4684E-16,  0.1743E-15,  0.7791E-16, -0.5551E-16, -0.5898E-16,  0.1388E-16,  0.1839E-15, -0.2047E-15, -0.1128E-16,  0.3816E-16, -0.2533E-15, -0.3521E-15, -0.1735E-16,   1.000    , -0.1978E-15,  0.1197E-15,  0.3192E-15,  0.2455E-15,  0.1648E-16, -0.1201E-15
  0.1943E-15, -0.5204E-16,  0.9021E-16,  0.3123E-15,  0.3400E-15,  0.5551E-16,  0.3659E-17,  0.6939E-16, -0.2776E-16, -0.3192E-15,  0.5551E-16, -0.9368E-16,  0.2585E-15,  0.2082E-15, -0.7633E-16, -0.2082E-16, -0.4580E-15, -0.1978E-15,   1.000    , -0.7459E-16, -0.1978E-15, -0.2272E-15, -0.3990E-16, -0.1050E-15
 -0.2637E-15,  0.6072E-16,  0.1318E-15,  0.9368E-16, -0.2394E-15, -0.8413E-16,  0.1505E-15,   0.000    , -0.3469E-16,  0.8327E-16, -0.1041E-16,  0.1388E-15,  0.2602E-17,  0.1258E-15,  0.1214E-15, -0.2862E-15, -0.6765E-16,  0.1197E-15, -0.7459E-16,   1.000    , -0.1088E-14,  0.6462E-15,  0.1128E-16,  0.1193E-15
  0.1214E-15,  0.3001E-15,  0.5204E-17, -0.1249E-15, -0.1596E-15,  0.1527E-15, -0.2246E-16, -0.4163E-16,  0.2776E-16,  0.2776E-16,  0.2082E-16,  0.1388E-16, -0.7199E-16, -0.2316E-15,  0.1388E-16, -0.1943E-15,  0.3990E-15,  0.3192E-15, -0.1978E-15, -0.1088E-14,   1.000    , -0.5855E-15,  0.2116E-15,  0.9888E-16
  0.2845E-15,  0.1370E-15, -0.1180E-15,  0.8674E-16,  0.3591E-15, -0.2229E-15,  0.1412E-15,  0.2845E-15,  0.1353E-15, -0.9714E-16, -0.1249E-15,  0.5898E-16,  0.1583E-15,  0.1236E-15, -0.2394E-15,  0.2602E-16, -0.2012E-15,  0.2455E-15, -0.2272E-15,  0.6462E-15, -0.5855E-15,   1.000    , -0.6245E-16, -0.5265E-15
 -0.7633E-16, -0.8674E-17,  0.5464E-16, -0.6592E-16,  0.4857E-16,  0.6939E-16,  0.1381E-16,  0.1388E-16,  0.9021E-16, -0.1041E-15,  0.5898E-16, -0.1422E-15,  0.1357E-15,  0.1752E-15,  0.5898E-16, -0.6072E-16, -0.4510E-16,  0.1648E-16, -0.3990E-16,  0.1128E-16,  0.2116E-15, -0.6245E-16,   1.000    ,  0.6254E-15
 -0.6245E-16,  0.1422E-15, -0.8674E-17,  0.8500E-16, -0.2602E-17, -0.1084E-15,  0.5116E-17,  0.1527E-15, -0.1388E-16,  0.1457E-15, -0.2602E-15,  0.7026E-16, -0.8305E-16,  0.2927E-16,  0.5898E-16,  0.5291E-16, -0.5117E-16, -0.1201E-15, -0.1050E-15,  0.1193E-15,  0.9888E-16, -0.5265E-15,  0.6254E-15,   1.000    
 
 rxyz0: 
 
 -0.2571E-04,  0.2571E-04,  -1.920    ,  0.9602    ,  0.9602    ,   1.920    , -0.9602    , -0.9602    
   0.000    ,   0.000    ,   0.000    ,   1.663    ,  -1.663    ,   0.000    ,  -1.663    ,   1.663    
   1.428    ,  -1.428    ,   2.174    ,   2.174    ,   2.174    ,  -2.174    ,  -2.174    ,  -2.174    
 
 new_masses: 
 
   86.66    
   962.4    
   962.8    
   1726.    
   2305.    
   2305.    
   2996.    
   2996.    
   4148.    
   4149.    
   4591.    
   7496.    
  0.1410E+05
  0.2217E+05
  0.2217E+05
  0.2274E+05
  0.2485E+05
  0.2486E+05
 
 sigma2 from ev, modifier = 1
 
   1.980    
  0.1783    
  0.1782    
  0.9938E-01
  0.7443E-01
  0.7442E-01
  0.5726E-01
  0.5726E-01
  0.4136E-01
  0.4135E-01
  0.3737E-01
  0.2289E-01
  0.1217E-01
  0.7740E-02
  0.7740E-02
  0.7545E-02
  0.6903E-02
  0.6902E-02
 
 e0 theory =   5.245938177213243E-002
 Input etot:   -5.69922746240000     
 walker epot, ekin, weight:   -5.67373683490000       4.492213752225897E-002
  0.541134377636664     
 walker epot, ekin, weight:   -5.69509807830000       4.805674248944824E-002
  0.592766658121591     
 walker epot, ekin, weight:   -5.69754757580000       5.096500051042659E-002
  0.591408526655335     
 walker epot, ekin, weight:   -5.69631076230000       4.959443444696403E-002
  0.591804170969165     
 walker epot, ekin, weight:   -5.69671288700000       5.046097126329674E-002
  0.590431560091255     
 walker epot, ekin, weight:   -5.69723378020000       5.060663077683562E-002
  0.591540348957827     
 walker epot, ekin, weight:   -5.69742364760000       5.064124611241767E-002
  0.591999716530978     
 walker epot, ekin, weight:   -5.69604383280000       4.948613276698356E-002
  0.591334974035378     
 walker epot, ekin, weight:   -5.69659301150000       4.988088050621789E-002
  0.591791752505402     
 walker epot, ekin, weight:   -5.69611189040000       4.920780835255172E-002
  0.592360000403459     
 walker epot, ekin, weight:   -5.69773546750000       5.094012705306438E-002
  0.592038017071233     
 walker epot, ekin, weight:   -5.69654188290000       4.985456197019733E-002
  0.591718345102389     
 walker epot, ekin, weight:   -5.69586132140000       4.927602327585074E-002
  0.591416578248069     
 walker epot, ekin, weight:   -5.69594447660000       4.898945525441804E-002
  0.592510891631693     
 walker epot, ekin, weight:   -5.69562339050000       4.898645001299871E-002
  0.591569308713278     
 walker epot, ekin, weight:   -5.69689673300000       5.016548265331795E-002
  0.591848328586399     
 walker epot, ekin, weight:   -5.69785218230000       5.098061224922018E-002
  0.592263714198015     
 walker epot, ekin, weight:   -5.69734008250000       5.055766335616922E-002
  0.591999768793450     
 walker epot, ekin, weight:   -5.69548826080000       4.866906579779325E-002
  0.592108635300571     
 walker epot, ekin, weight:   -5.69372116910000       4.796539894009594E-002
  0.588968675316285     
Step     1 of   200--------------------------------
 number of walkers =           20
 et =   -5.64056292268159     
 e0 =   -5.64585365509223     
 walker epot, ekin, weight:   -5.69118334550000       4.625520956851765E-002
  0.521522581851525     
 walker epot, ekin, weight:   -5.69395187970000       4.697995737872784E-002
  0.632220288715729     
 walker epot, ekin, weight:   -5.69294482450000       4.632814118172731E-002
  0.628209739801244     
 walker epot, ekin, weight:   -5.69487021230000       4.810731838899199E-002
  0.629510586011703     
 walker epot, ekin, weight:   -5.69727912860000       5.053456347693469E-002
  0.626536419781381     
 walker epot, ekin, weight:   -5.69399826360000       4.722931287208715E-002
  0.628968496045858     
 walker epot, ekin, weight:   -5.69249221270000       4.590551404778596E-002
  0.629371957898938     
 walker epot, ekin, weight:   -5.69240323050000       4.549829768019489E-002
  0.628959323587142     
 walker epot, ekin, weight:   -5.69335898560000       4.679419531765455E-002
  0.628860960104339     
 walker epot, ekin, weight:   -5.69705298420000       5.019061973950729E-002
  0.631007384026006     
 walker epot, ekin, weight:   -5.69634819570000       4.958904574973073E-002
  0.629996381688780     
 walker epot, ekin, weight:   -5.69329543090000       4.653937714213199E-002
  0.629306487708475     
 walker epot, ekin, weight:   -5.69262876950000       4.576404429904613E-002
  0.629006461336971     
 walker epot, ekin, weight:   -5.69476691550000       4.786996771013838E-002
  0.631438073354611     
 walker epot, ekin, weight:   -5.69328994230000       4.652929973298341E-002
  0.629003951894799     
 walker epot, ekin, weight:   -5.69432898330000       4.784865911688656E-002
  0.628715623886185     
 walker epot, ekin, weight:   -5.69560613930000       4.846317712823341E-002
  0.631687893749247     
 walker epot, ekin, weight:   -5.69515152180000       4.834405826023027E-002
  0.630067168856175     
 walker epot, ekin, weight:   -5.68898697890000       4.208604775936402E-002
  0.630593555560442     
 walker epot, ekin, weight:   -5.69191089350000       4.510337353884881E-002
  0.623631858054823     
Step     2 of   200--------------------------------
 number of walkers =           20
 et =   -5.64199271614113     
 e0 =   -5.64670987492909     
 walker epot, ekin, weight:   -5.68620542140000       4.469584769191809E-002
  0.527956535937939     
 walker epot, ekin, weight:   -5.69403875930000       4.723725433763755E-002
  0.663930759724611     
 walker epot, ekin, weight:   -5.69014141090000       4.266538168869733E-002
  0.660773086371676     
 walker epot, ekin, weight:   -5.69291840700000       4.618546319058644E-002
  0.660168230391824     
 walker epot, ekin, weight:   -5.69466905510000       4.827506768001356E-002
  0.655876498070507     
 walker epot, ekin, weight:   -5.69352778730000       4.702037164862959E-002
  0.658876321031333     
 walker epot, ekin, weight:   -5.68878245570000       4.203619506940460E-002
  0.659485552346345     
 walker epot, ekin, weight:   -5.69168686960000       4.491700017541309E-002
  0.660180601376201     
 walker epot, ekin, weight:   -5.68969521710000       4.392455239305366E-002
  0.655671759223867     
 walker epot, ekin, weight:   -5.69134423060000       4.469055504939335E-002
  0.661804770093472     
 walker epot, ekin, weight:   -5.69279029430000       4.625105840354093E-002
  0.660025746323239     
 walker epot, ekin, weight:   -5.68959912060000       4.299671385555912E-002
  0.659501034642525     
 walker epot, ekin, weight:   -5.68856435740000       4.214032031421993E-002
  0.658956932174620     
 walker epot, ekin, weight:   -5.69332939790000       4.607740247643739E-002
  0.664355520652432     
 walker epot, ekin, weight:   -5.68780650700000       4.227847572449091E-002
  0.655667464995542     
 walker epot, ekin, weight:   -5.69128172280000       4.436367446501020E-002
  0.659013320406945     
 walker epot, ekin, weight:   -5.69533713430000       4.826568958244663E-002
  0.664835941826526     
 walker epot, ekin, weight:   -5.69461851460000       4.787296986698842E-002
  0.660940824003357     
 walker epot, ekin, weight:   -5.69159026020000       4.425934007832049E-002
  0.663742068146360     
 walker epot, ekin, weight:   -5.69031765060000       4.377893250632016E-002
  0.653514193521027     
Step     3 of   200--------------------------------
 number of walkers =           20
 et =   -5.64220887186574     
 e0 =   -5.64646661347354     
 walker epot, ekin, weight:   -5.69197432940000       4.725353373209890E-002
  0.532763222626086     
 walker epot, ekin, weight:   -5.69193019920000       4.532868024783622E-002
  0.694438959769537     
 walker epot, ekin, weight:   -5.68436160530000       3.783078270435235E-002
  0.693225978196123     
 walker epot, ekin, weight:   -5.69297386570000       4.642129134017130E-002
  0.690097967407066     
 walker epot, ekin, weight:   -5.69367055570000       4.715773734638019E-002
  0.684314643037793     
 walker epot, ekin, weight:   -5.69201821080000       4.561466604647317E-002
  0.687458815844774     
 walker epot, ekin, weight:   -5.68758444340000       4.001776466254777E-002
  0.692934891502061     
 walker epot, ekin, weight:   -5.68810930320000       4.160877867982580E-002
  0.690058714261336     
 walker epot, ekin, weight:   -5.67893788160000       3.595821115577420E-002
  0.670030513429692     
 walker epot, ekin, weight:   -5.68732674050000       4.013542525611026E-002
  0.693746651604820     
 walker epot, ekin, weight:   -5.69192912110000       4.470258771928325E-002
  0.691607758246049     
 walker epot, ekin, weight:   -5.68808412530000       4.146688237982198E-002
  0.689173511793964     
 walker epot, ekin, weight:   -5.68559144480000       3.902268728611271E-002
  0.687824304123422     
 walker epot, ekin, weight:   -5.68922814450000       4.087465723539817E-002
  0.702577786815952     
 walker epot, ekin, weight:   -5.68841867430000       4.223277314031198E-002
  0.680028487600099     
 walker epot, ekin, weight:   -5.68987084400000       4.258097255925072E-002
  0.692075205084275     
 walker epot, ekin, weight:   -5.69472701360000       4.741438651077980E-002
  0.698805148997967     
 walker epot, ekin, weight:   -5.68761110290000       4.235348981519007E-002
  0.686489809745580     
 walker epot, ekin, weight:   -5.67704361350000       3.746679842738118E-002
  0.672057283192940     
 walker epot, ekin, weight:   -5.68644367870000       4.015179323496392E-002
  0.681590168458430     
Step     4 of   200--------------------------------
 number of walkers =           20
 et =   -5.64229677569434     
 e0 =   -5.64614509525981     
 walker epot, ekin, weight:   -5.68619586620000       4.331045157128331E-002
  0.540849139348478     
 walker epot, ekin, weight:   -5.69277972810000       4.620644136942210E-002
  0.724883200343328     
 walker epot, ekin, weight:   -5.68004421610000       3.247539608555289E-002
  0.726970928921250     
 walker epot, ekin, weight:   -5.69115157870000       4.464277265164290E-002
  0.719943483909970     
 walker epot, ekin, weight:   -5.68763239060000       4.389119274371611E-002
  0.703959017299467     
 walker epot, ekin, weight:   -5.68373135120000       4.119143352786447E-002
  0.702574523394632     
 walker epot, ekin, weight:   -5.68985281650000       4.227663605725042E-002
  0.730465923617443     
 walker epot, ekin, weight:   -5.68669701340000       4.027892846619190E-002
  0.719388810660603     
 walker epot, ekin, weight:   -5.67438083450000       3.396702070188927E-002
  0.666022143208597     
 walker epot, ekin, weight:   -5.68410615740000       3.885537925637850E-002
  0.721512388487655     
 walker epot, ekin, weight:   -5.68716667130000       4.085249301383792E-002
  0.723249876399101     
 walker epot, ekin, weight:   -5.68424105930000       3.774387311688185E-002
  0.719169777021826     
 walker epot, ekin, weight:   -5.68048847710000       3.354589287890062E-002
  0.719187703209775     
 walker epot, ekin, weight:   -5.68522186510000       3.702114830808460E-002
  0.745876015239887     
 walker epot, ekin, weight:   -5.68828524890000       4.170124198414767E-002
  0.708405361437887     
 walker epot, ekin, weight:   -5.68573600370000       4.101002668798150E-002
  0.718241679151501     
 walker epot, ekin, weight:   -5.69213586090000       4.656679599829227E-002
  0.728372541100167     
 walker epot, ekin, weight:   -5.69122849010000       4.464326703435813E-002
  0.711829064847587     
 walker epot, ekin, weight:   -5.68135222980000       3.850318060209575E-002
  0.664812565240817     
 walker epot, ekin, weight:   -5.68758459100000       4.213673840150976E-002
  0.706384343019201     
Step     5 of   200--------------------------------
 number of walkers =           20
 et =   -5.64203991687329     
 e0 =   -5.64553400345789     
 walker epot, ekin, weight:   -5.68611609420000       3.793540999050420E-002
  0.560075563943095     
 walker epot, ekin, weight:   -5.69094970990000       4.435439866323104E-002
  0.758584623903150     
 walker epot, ekin, weight:   -5.68176911440000       3.400455454075949E-002
  0.769048640892208     
 walker epot, ekin, weight:   -5.69196489100000       4.562640943722046E-002
  0.752205820280049     
 walker epot, ekin, weight:   -5.68179288870000       3.918165265999318E-002
  0.712003723582361     
 walker epot, ekin, weight:   -5.68441196340000       3.988063502185814E-002
  0.713161954815177     
 walker epot, ekin, weight:   -5.69078424090000       4.423518675506159E-002
  0.768092052724086     
 walker epot, ekin, weight:   -5.68444304090000       3.953516897462200E-002
  0.745930619847236     
 walker epot, ekin, weight:   -5.67889816470000       3.481409444184119E-002
  0.667415753014839     
 walker epot, ekin, weight:   -5.68559946300000       3.997128811672288E-002
  0.746462323565407     
 walker epot, ekin, weight:   -5.68262649890000       3.647169709165926E-002
  0.754232370864438     
 walker epot, ekin, weight:   -5.68077741860000       3.451967693991202E-002
  0.751050527434513     
 walker epot, ekin, weight:   -5.68460160300000       3.764566215656367E-002
  0.755376153493493     
 walker epot, ekin, weight:   -5.68380322290000       3.591907670725149E-002
  0.792018328166605     
 walker epot, ekin, weight:   -5.68869774130000       4.197121096763499E-002
  0.741867007379098     
 walker epot, ekin, weight:   -5.68304394440000       3.898486096708847E-002
  0.735339462543787     
 walker epot, ekin, weight:   -5.68678780110000       4.304720973981913E-002
  0.747670043369665     
 walker epot, ekin, weight:   -5.69095883340000       4.391218059104658E-002
  0.746651105986801     
 walker epot, ekin, weight:   -5.67485560160000       3.872671111977832E-002
  0.648068028959241     
 walker epot, ekin, weight:   -5.68758209990000       4.078731151084527E-002
  0.735811168138011     
Step     6 of   200--------------------------------
 number of walkers =           20
 et =   -5.64235992428974     
 e0 =   -5.64550630212578     
 walker epot, ekin, weight:   -5.69015637820000       4.214406934602015E-002
  0.593144136475365     
 walker epot, ekin, weight:   -5.68506140850000       3.968074701305750E-002
  0.786611894055170     
 walker epot, ekin, weight:   -5.68274528620000       3.523658607870767E-002
  0.810718812230011     
 walker epot, ekin, weight:   -5.69246467590000       4.598707659803810E-002
  0.783280715967619     
 walker epot, ekin, weight:   -5.67729407800000       3.556108318727091E-002
  0.710667772392014     
 walker epot, ekin, weight:   -5.67514677440000       3.741585954591069E-002
  0.704452223944036     
 walker epot, ekin, weight:   -5.69249923020000       4.576790296142959E-002
  0.801682184222560     
 walker epot, ekin, weight:   -5.68057987770000       3.654051273624264E-002
  0.761865121825736     
 walker epot, ekin, weight:   -5.68476268690000       3.843579918276957E-002
  0.686680223977134     
 walker epot, ekin, weight:   -5.68382236690000       3.953890475612517E-002
  0.766093394442126     
 walker epot, ekin, weight:   -5.68238848610000       3.648847350294638E-002
  0.782407209933953     
 walker epot, ekin, weight:   -5.67355087460000       2.775740188776899E-002
  0.779092482760649     
 walker epot, ekin, weight:   -5.68476157970000       3.821433483369049E-002
  0.789288989866709     
 walker epot, ekin, weight:   -5.67899228220000       3.200027902262205E-002
  0.833276931022350     
 walker epot, ekin, weight:   -5.68435328330000       3.814050365329155E-002
  0.772990917438821     
 walker epot, ekin, weight:   -5.68343447520000       3.970539235286828E-002
  0.746707718568369     
 walker epot, ekin, weight:   -5.69069758380000       4.435522494162978E-002
  0.767990428637732     
 walker epot, ekin, weight:   -5.68879814540000       4.121289497026396E-002
  0.784587646796359     
 walker epot, ekin, weight:   -5.67929210100000       3.454275037759302E-002
  0.635738704168910     
 walker epot, ekin, weight:   -5.68492179390000       3.804465956257914E-002
  0.769494565992663     
Step     7 of   200--------------------------------
 number of walkers =           20
 et =   -5.64265804795032     
 e0 =   -5.64549045274331     
 walker epot, ekin, weight:   -5.68633734270000       3.907673428858595E-002
  0.623420679860940     
 walker epot, ekin, weight:   -5.68355146670000       3.763334497334260E-002
  0.810497630195111     
 walker epot, ekin, weight:   -5.68000106330000       3.320232975480790E-002
  0.847997735574582     
 walker epot, ekin, weight:   -5.69161750330000       4.507105931379170E-002
  0.814057402083643     
 walker epot, ekin, weight:   -5.67311208180000       3.341605173531264E-002
  0.696989047873068     
 walker epot, ekin, weight:   -5.67638717690000       3.452816256569905E-002
  0.684569162086873     
 walker epot, ekin, weight:   -5.68716462790000       4.061905218347262E-002
  0.834235957975284     
 walker epot, ekin, weight:   -5.67970890370000       3.488822156319499E-002
