SLURM_NTASKS: 1
SLURM_NTASKS_PER_NODE: 1
SLURM_CPUS_PER_TASK: 1
 Input in Angstroem
 Free boundary conditions
 Reading input file completed
 hessian: 
 
 -0.1134E-02,   0.000    , -0.1134E-02,  0.1134E-02,   0.000    ,  0.1134E-02,   0.000    ,   0.000    ,   0.000    ,  0.3915E-02,  0.3915E-02,  0.3915E-02,  0.3915E-02, -0.3915E-02,  0.3915E-02,   0.000    ,   0.000    ,   0.000    , -0.3915E-02, -0.3915E-02, -0.3915E-02, -0.3915E-02,  0.3915E-02, -0.3915E-02
   0.000    ,   0.000    ,   0.000    ,   0.000    ,   0.000    ,   0.000    ,   0.000    ,   0.000    ,   0.000    ,   0.000    ,   0.000    ,   0.000    ,   0.000    ,   0.000    ,   0.000    ,   0.000    ,   0.000    ,   0.000    ,   0.000    ,   0.000    ,   0.000    ,   0.000    ,   0.000    ,   0.000    
 -0.1134E-02,   0.000    ,   0.000    ,  0.1134E-02,   0.000    ,   0.000    ,   0.000    ,   0.000    ,  0.3915E-02,   0.000    ,   0.000    ,  0.3915E-02,   0.000    ,   0.000    ,  0.3915E-02,   0.000    ,   0.000    , -0.3915E-02,   0.000    ,   0.000    , -0.3915E-02,   0.000    ,   0.000    , -0.3915E-02
  0.1134E-02,   0.000    ,  0.1134E-02, -0.1134E-02,   0.000    , -0.1134E-02,   0.000    ,   0.000    ,   0.000    , -0.3915E-02, -0.3915E-02, -0.3915E-02, -0.3915E-02,  0.3915E-02, -0.3915E-02,   0.000    ,   0.000    ,   0.000    ,  0.3915E-02,  0.3915E-02,  0.3915E-02,  0.3915E-02, -0.3915E-02,  0.3915E-02
   0.000    ,   0.000    ,   0.000    ,   0.000    ,   0.000    ,   0.000    ,   0.000    ,   0.000    ,   0.000    ,   0.000    ,   0.000    ,   0.000    ,   0.000    ,   0.000    ,   0.000    ,   0.000    ,   0.000    ,   0.000    ,   0.000    ,   0.000    ,   0.000    ,   0.000    ,   0.000    ,   0.000    
  0.1134E-02,   0.000    ,   0.000    , -0.1134E-02,   0.000    ,   0.000    ,   0.000    ,   0.000    , -0.3915E-02,   0.000    ,   0.000    , -0.3915E-02,   0.000    ,   0.000    , -0.3915E-02,   0.000    ,   0.000    ,  0.3915E-02,   0.000    ,   0.000    ,  0.3915E-02,   0.000    ,   0.000    ,  0.3915E-02
   0.000    ,   0.000    ,   0.000    ,   0.000    ,   0.000    ,   0.000    ,   0.000    ,   0.000    ,   0.000    ,   0.000    ,   0.000    ,  0.1352E-01,   0.000    ,   0.000    ,  0.1352E-01,   0.000    ,   0.000    ,   0.000    ,   0.000    ,   0.000    , -0.1352E-01,   0.000    ,   0.000    , -0.1352E-01
   0.000    ,   0.000    ,   0.000    ,   0.000    ,   0.000    ,   0.000    ,   0.000    ,   0.000    ,   0.000    ,   0.000    ,   0.000    ,   0.000    ,   0.000    ,   0.000    ,   0.000    ,   0.000    ,   0.000    ,   0.000    ,   0.000    ,   0.000    ,   0.000    ,   0.000    ,   0.000    ,   0.000    
   0.000    ,   0.000    ,  0.3915E-02,   0.000    ,   0.000    , -0.3915E-02,   0.000    ,   0.000    ,   0.000    , -0.1352E-01, -0.1352E-01,   0.000    , -0.1352E-01,  0.1352E-01,   0.000    ,   0.000    ,   0.000    ,   0.000    ,  0.1352E-01,  0.1352E-01,   0.000    ,  0.1352E-01, -0.1352E-01,   0.000    
  0.3915E-02,   0.000    ,   0.000    , -0.3915E-02,   0.000    ,   0.000    ,   0.000    ,   0.000    , -0.1352E-01,   0.000    ,   0.000    , -0.1352E-01,   0.000    ,   0.000    , -0.1352E-01,   0.000    ,   0.000    ,  0.1352E-01,   0.000    ,   0.000    ,  0.1352E-01,   0.000    ,   0.000    ,  0.1352E-01
  0.3915E-02,   0.000    ,   0.000    , -0.3915E-02,   0.000    ,   0.000    ,   0.000    ,   0.000    , -0.1352E-01,   0.000    ,   0.000    , -0.1352E-01,   0.000    ,   0.000    , -0.1352E-01,   0.000    ,   0.000    ,  0.1352E-01,   0.000    ,   0.000    ,  0.1352E-01,   0.000    ,   0.000    ,  0.1352E-01
  0.3915E-02,   0.000    ,  0.3915E-02, -0.3915E-02,   0.000    , -0.3915E-02,  0.1352E-01,   0.000    ,   0.000    , -0.1352E-01, -0.1352E-01,   0.000    , -0.1352E-01,  0.1352E-01,   0.000    , -0.1352E-01,   0.000    ,   0.000    ,  0.1352E-01,  0.1352E-01,   0.000    ,  0.1352E-01, -0.1352E-01,   0.000    
  0.3915E-02,   0.000    ,   0.000    , -0.3915E-02,   0.000    ,   0.000    ,   0.000    ,   0.000    , -0.1352E-01,   0.000    ,   0.000    , -0.1352E-01,   0.000    ,   0.000    , -0.1352E-01,   0.000    ,   0.000    ,  0.1352E-01,   0.000    ,   0.000    ,  0.1352E-01,   0.000    ,   0.000    ,  0.1352E-01
 -0.3915E-02,   0.000    ,   0.000    ,  0.3915E-02,   0.000    ,   0.000    ,   0.000    ,   0.000    ,  0.1352E-01,   0.000    ,   0.000    ,  0.1352E-01,   0.000    ,   0.000    ,  0.1352E-01,   0.000    ,   0.000    , -0.1352E-01,   0.000    ,   0.000    , -0.1352E-01,   0.000    ,   0.000    , -0.1352E-01
  0.3915E-02,   0.000    ,  0.3915E-02, -0.3915E-02,   0.000    , -0.3915E-02,  0.1352E-01,   0.000    ,   0.000    , -0.1352E-01, -0.1352E-01,   0.000    , -0.1352E-01,  0.1352E-01,   0.000    , -0.1352E-01,   0.000    ,   0.000    ,  0.1352E-01,  0.1352E-01,   0.000    ,  0.1352E-01, -0.1352E-01,   0.000    
   0.000    ,   0.000    ,   0.000    ,   0.000    ,   0.000    ,   0.000    ,   0.000    ,   0.000    ,   0.000    ,   0.000    ,   0.000    , -0.1352E-01,   0.000    ,   0.000    , -0.1352E-01,   0.000    ,   0.000    ,   0.000    ,   0.000    ,   0.000    ,  0.1352E-01,   0.000    ,   0.000    ,  0.1352E-01
   0.000    ,   0.000    ,   0.000    ,   0.000    ,   0.000    ,   0.000    ,   0.000    ,   0.000    ,   0.000    ,   0.000    ,   0.000    ,   0.000    ,   0.000    ,   0.000    ,   0.000    ,   0.000    ,   0.000    ,   0.000    ,   0.000    ,   0.000    ,   0.000    ,   0.000    ,   0.000    ,   0.000    
   0.000    ,   0.000    , -0.3915E-02,   0.000    ,   0.000    ,  0.3915E-02,   0.000    ,   0.000    ,   0.000    ,  0.1352E-01,  0.1352E-01,   0.000    ,  0.1352E-01, -0.1352E-01,   0.000    ,   0.000    ,   0.000    ,   0.000    , -0.1352E-01, -0.1352E-01,   0.000    , -0.1352E-01,  0.1352E-01,   0.000    
 -0.3915E-02,   0.000    ,   0.000    ,  0.3915E-02,   0.000    ,   0.000    ,   0.000    ,   0.000    ,  0.1352E-01,   0.000    ,   0.000    ,  0.1352E-01,   0.000    ,   0.000    ,  0.1352E-01,   0.000    ,   0.000    , -0.1352E-01,   0.000    ,   0.000    , -0.1352E-01,   0.000    ,   0.000    , -0.1352E-01
 -0.3915E-02,   0.000    ,   0.000    ,  0.3915E-02,   0.000    ,   0.000    ,   0.000    ,   0.000    ,  0.1352E-01,   0.000    ,   0.000    ,  0.1352E-01,   0.000    ,   0.000    ,  0.1352E-01,   0.000    ,   0.000    , -0.1352E-01,   0.000    ,   0.000    , -0.1352E-01,   0.000    ,   0.000    , -0.1352E-01
 -0.3915E-02,   0.000    , -0.3915E-02,  0.3915E-02,   0.000    ,  0.3915E-02, -0.1352E-01,   0.000    ,   0.000    ,  0.1352E-01,  0.1352E-01,   0.000    ,  0.1352E-01, -0.1352E-01,   0.000    ,  0.1352E-01,   0.000    ,   0.000    , -0.1352E-01, -0.1352E-01,   0.000    , -0.1352E-01,  0.1352E-01,   0.000    
 -0.3915E-02,   0.000    ,   0.000    ,  0.3915E-02,   0.000    ,   0.000    ,   0.000    ,   0.000    ,  0.1352E-01,   0.000    ,   0.000    ,  0.1352E-01,   0.000    ,   0.000    ,  0.1352E-01,   0.000    ,   0.000    , -0.1352E-01,   0.000    ,   0.000    , -0.1352E-01,   0.000    ,   0.000    , -0.1352E-01
  0.3915E-02,   0.000    ,   0.000    , -0.3915E-02,   0.000    ,   0.000    ,   0.000    ,   0.000    , -0.1352E-01,   0.000    ,   0.000    , -0.1352E-01,   0.000    ,   0.000    , -0.1352E-01,   0.000    ,   0.000    ,  0.1352E-01,   0.000    ,   0.000    ,  0.1352E-01,   0.000    ,   0.000    ,  0.1352E-01
 -0.3915E-02,   0.000    , -0.3915E-02,  0.3915E-02,   0.000    ,  0.3915E-02, -0.1352E-01,   0.000    ,   0.000    ,  0.1352E-01,  0.1352E-01,   0.000    ,  0.1352E-01, -0.1352E-01,   0.000    ,  0.1352E-01,   0.000    ,   0.000    , -0.1352E-01, -0.1352E-01,   0.000    , -0.1352E-01,  0.1352E-01,   0.000    
 
 eigenvalues_full: 
 
 -0.1029    
 -0.2092E-01
 -0.1960E-02
 -0.2190E-16
 -0.1735E-16
 -0.1726E-16
 -0.1658E-16
 -0.9956E-17
 -0.7016E-17
 -0.6362E-17
 -0.4373E-17
 -0.2769E-17
   0.000    
  0.8141E-51
  0.3606E-17
  0.4651E-17
  0.5912E-17
  0.6392E-17
  0.8392E-17
  0.9198E-17
  0.1156E-16
  0.4416E-16
  0.2345E-01
  0.1001    
 
 eigenvectors: 
 
 -0.1203    ,  0.1285E-01,  0.6604    , -0.1093    ,  0.1522E-02, -0.7765E-17, -0.5404    ,  0.2343    , -0.7393E-01,  0.7319E-01, -0.8340E-14,  0.8772E-02,   0.000    ,  0.2670E-30, -0.8971E-01,  0.3008    ,  0.7739E-15,  0.1431    ,  0.6081E-01, -0.8260E-01, -0.2119E-01, -0.1572E-01, -0.2203    , -0.2730E-01
   0.000    ,   0.000    ,   0.000    ,   0.000    ,   0.000    ,   0.000    ,   0.000    ,   0.000    ,   0.000    ,   0.000    ,   0.000    ,   0.000    ,  -1.000    ,   0.000    ,   0.000    ,   0.000    ,   0.000    ,   0.000    ,   0.000    ,   0.000    ,   0.000    ,   0.000    ,   0.000    ,   0.000    
 -0.6714E-01, -0.2362E-01, -0.9173E-03,  0.1672    ,  0.3812    ,  0.3361E-15, -0.1491E-02,  0.3878    ,  0.1789    , -0.4419    , -0.3928E-12,  0.1836    ,   0.000    , -0.6408E-28, -0.1718    , -0.9598E-01,  0.3025E-13, -0.1349    , -0.4770E-01,  0.1471E-01,  0.1057    , -0.5783    ,  0.2410E-01,  0.6795E-01
  0.1203    , -0.1285E-01, -0.6604    , -0.1093    ,  0.1522E-02, -0.5815E-16, -0.5404    ,  0.2343    , -0.7393E-01,  0.7319E-01, -0.8342E-14,  0.8772E-02,   0.000    ,  0.2671E-30, -0.8971E-01,  0.3008    ,  0.5584E-15,  0.1431    ,  0.6081E-01, -0.8260E-01, -0.2119E-01, -0.1572E-01,  0.2203    ,  0.2730E-01
 -0.3425E-33,  0.6027E-30,  0.2589E-30,  0.4232E-55, -0.1191E-51,  0.5850E-13,  0.1625E-60, -0.4259E-63, -0.5219E-64,  0.3417E-63,  0.1878E-31, -0.1287E-63,   0.000    ,   1.000    ,  0.3723E-62,  0.7970E-59, -0.1332E-14,  0.8987E-62, -0.3678E-63,  0.1355E-56, -0.1074E-63,  0.4979E-47,  0.3990E-29,  0.2316E-33
  0.6714E-01,  0.2362E-01,  0.9173E-03,  0.6042E-01,  0.3951    ,  0.3047E-15, -0.2880E-02, -0.3889    , -0.1786    ,  0.4423    , -0.3958E-12, -0.1838    ,   0.000    , -0.6194E-28,  0.1798    ,  0.8387E-01,  0.3061E-13,  0.1463    ,  0.4740E-01, -0.8892E-01, -0.1057    , -0.5791    , -0.2410E-01, -0.6795E-01
 -0.1573    ,  0.4702    , -0.1787    ,  0.1782E-01,  0.2496E-01, -0.2589E-16,  0.2033    ,  0.1131E-01, -0.5952E-01,  0.3899E-01, -0.4283E-14, -0.1663E-01,   0.000    , -0.3464E-30, -0.1163    ,  0.5047    ,  0.5994E-15, -0.3535    ,  0.1113    ,  0.2113    , -0.4526E-01, -0.3659E-02, -0.4425    ,  0.1625    
  0.4790E-20, -0.6033E-16, -0.9882E-18,  0.4519E-18, -0.2210E-15, -0.9997    , -0.2681E-23,  0.3708E-26,  0.4550E-27, -0.2990E-26,  0.4067E-02,  0.1120E-26,   0.000    ,  0.5852E-13,  0.2674E-24,  0.7333E-22,  0.2567E-01, -0.2174E-25,  0.2247E-26, -0.3679E-20,  0.7864E-28, -0.2219E-14,  0.2084E-16, -0.1836E-20
  0.2489    ,  0.4306    ,  0.1785    ,  0.1867E-01,  0.5406E-03, -0.1150E-15,  0.1787    ,  0.4822    , -0.2492    ,  0.3213    ,  0.1900E-14, -0.4874E-01,   0.000    ,  0.1106E-30,  0.1273    , -0.8610E-01, -0.7076E-16, -0.3095E-01, -0.1937    ,  0.9097E-02,  0.7334E-01,  0.3924E-02,  0.3921    ,  0.2590    
  0.2319    ,  0.8158E-01,  0.3168E-02,  0.2549    ,  0.2913    ,  0.1835E-01,  0.1108    ,  0.6127E-01,  0.1423    , -0.5625E-01,  0.7314E-01, -0.9356E-02,   0.000    , -0.5638E-16, -0.1836E-01,  0.1843    ,  0.7031    ,  0.2036    , -0.1415    , -0.1576    , -0.5001E-01,  0.2551    , -0.8325E-01, -0.2347    
  0.2319    ,  0.8158E-01,  0.3168E-02,  0.2549    ,  0.2913    , -0.1835E-01,  0.1108    ,  0.6127E-01,  0.1423    , -0.5625E-01, -0.7314E-01, -0.9356E-02,   0.000    ,  0.5638E-16, -0.1836E-01,  0.1843    , -0.7031    ,  0.2036    , -0.1415    , -0.1576    , -0.5001E-01,  0.2551    , -0.8325E-01, -0.2347    
  0.2994    , -0.1819    ,  0.6478E-02, -0.3823    ,  0.4746E-01, -0.7274E-16,  0.1408    , -0.2324E-01, -0.1404    , -0.2082    , -0.1884E-13, -0.3949    ,   0.000    ,  0.6427E-29, -0.1573    ,  0.6597E-01,  0.1694E-14, -0.1392    , -0.1074    , -0.5277    ,  0.1535    , -0.1320E-01, -0.1918    ,  0.3007    
  0.2319    ,  0.8158E-01,  0.3168E-02,  0.1504    , -0.7108    ,  0.6186E-15,  0.1447    ,  0.5548E-01,  0.1386    , -0.4861E-01, -0.1864E-12, -0.1210E-01,   0.000    , -0.6523E-28, -0.3075E-01,  0.1902    ,  0.1390E-13,  0.1817    , -0.1403    , -0.1358    , -0.5133E-01, -0.4394    , -0.8325E-01, -0.2347    
 -0.2319    , -0.8158E-01, -0.3168E-02,  0.6938    , -0.1330    ,  0.1330E-15, -0.9297E-01, -0.4762E-01, -0.1638    ,  0.5857E-01,  0.4943E-13,  0.5199E-02,   0.000    , -0.6511E-29,  0.8588E-03,  0.7174E-02, -0.4359E-14, -0.2247    ,  0.1919    , -0.4931    ,  0.3027E-01,  0.7693E-01,  0.8325E-01,  0.2347    
  0.2994    , -0.1819    ,  0.6478E-02,  0.3916    , -0.4849E-01,  0.1649E-15, -0.2031    , -0.3994E-01, -0.1360    , -0.1614    ,  0.1880E-13, -0.3978    ,   0.000    , -0.6659E-29,  0.7962E-01, -0.2675E-01, -0.1726E-14,  0.1238    , -0.1142    ,  0.5383    ,  0.1524    ,  0.1287E-01, -0.1918    ,  0.3007    
  0.1573    , -0.4702    ,  0.1787    ,  0.1782E-01,  0.2496E-01,  0.5017E-16,  0.2033    ,  0.1131E-01, -0.5952E-01,  0.3899E-01, -0.4288E-14, -0.1663E-01,   0.000    , -0.3458E-30, -0.1163    ,  0.5047    ,  0.6218E-15, -0.3535    ,  0.1113    ,  0.2113    , -0.4526E-01, -0.3659E-02,  0.4425    , -0.1625    
 -0.1404E-22,  0.4569E-18,  0.4051E-17,  0.7596E-14,  0.1155E-12,  0.1388E-02,  0.3813E-14, -0.2524E-15, -0.2672E-16,  0.4570E-17,  0.9946    , -0.7999E-16,   0.000    , -0.1863E-18, -0.2790E-15,  0.2027E-14, -0.1035    , -0.7688E-15, -0.1117E-15, -0.1390E-13,  0.7645E-17, -0.6033E-12, -0.2258E-18,  0.5363E-22
 -0.2489    , -0.4306    , -0.1785    ,  0.1867E-01,  0.5406E-03,  0.5945E-16,  0.1787    ,  0.4822    , -0.2492    ,  0.3213    ,  0.1901E-14, -0.4874E-01,   0.000    ,  0.1110E-30,  0.1273    , -0.8610E-01, -0.1235E-15, -0.3095E-01, -0.1937    ,  0.9097E-02,  0.7334E-01,  0.3924E-02, -0.3921    , -0.2590    
 -0.2319    , -0.8158E-01, -0.3168E-02,  0.2811E-01,  0.4123E-02,  0.1807E-16,  0.3121    , -0.1918E-02, -0.1419    ,  0.9816E-01,  0.1037E-14,  0.2180E-01,   0.000    , -0.1395E-30, -0.6228    ,  0.5371E-01,  0.1519E-16,  0.5758    ,  0.1285    ,  0.7880E-01,  0.6348E-01,  0.2793E-02,  0.8325E-01,  0.2347    
 -0.2319    , -0.8158E-01, -0.3168E-02, -0.9396E-01,  0.4766E-02, -0.1359E-16,  0.2129    ,  0.6827E-01, -0.5170E-01, -0.3112    , -0.6486E-14,  0.7521E-01,   0.000    ,  0.8783E-30,  0.6602    ,  0.3419    ,  0.7147E-15,  0.3642    ,  0.1389    , -0.5320E-01,  0.7716E-01, -0.8323E-02,  0.8325E-01,  0.2347    
 -0.2994    ,  0.1819    , -0.6478E-02,  0.9277E-02, -0.1025E-02, -0.2267E-16, -0.6230E-01, -0.1594    , -0.5735    , -0.3890    , -0.4372E-16, -0.1498    ,   0.000    , -0.2323E-30, -0.7768E-01,  0.3922E-01, -0.3158E-16, -0.1323E-01, -0.4390    ,  0.1064E-01, -0.1317    , -0.3301E-03,  0.1918    , -0.3007    
 -0.2319    , -0.8158E-01, -0.3168E-02,  0.1680E-02, -0.2296E-03,  0.2805E-16, -0.8472E-01, -0.2156    ,  0.3350    ,  0.2198    , -0.9380E-15,  0.1467    ,   0.000    , -0.1605E-30, -0.1073E-01,  0.2188    ,  0.1284E-15, -0.4669E-01, -0.6783    , -0.1360E-01,  0.3624    , -0.9975E-03,  0.8325E-01,  0.2347    
  0.2319    ,  0.8158E-01,  0.3168E-02,  0.3515E-03, -0.2285E-03, -0.1027E-16, -0.1868E-01, -0.1500    , -0.3420    , -0.2951E-01, -0.9089E-16,  0.3861    ,   0.000    , -0.3838E-31, -0.6733E-02,  0.1081E-01,  0.2043E-18, -0.1623E-02,  0.1768    , -0.1014E-03,  0.7459    , -0.2676E-03, -0.8325E-01, -0.2347    
 -0.2994    ,  0.1819    , -0.6478E-02,  0.1328E-13,  0.2237E-17, -0.4869E-16, -0.2094E-08,  0.9624E-01,  0.2971    ,  0.1941E-01, -0.1599E-21, -0.6429    ,   0.000    ,  0.4634E-45, -0.2133E-05,  0.1622E-06, -0.7877E-18, -0.2162E-02,  0.2174    ,  0.8016E-07,  0.4376    , -0.2296E-18,  0.1918    , -0.3007    
 
 delta(i,j): 
 
   1.000    ,  0.4163E-16,  0.2602E-17,  0.4501E-17,  0.3072E-15,  0.7492E-18,  0.7220E-17,  0.1457E-15,  0.1388E-15,  0.2663E-15, -0.1040E-16,  0.1665E-15,   0.000    ,  0.6309E-32, -0.1571E-15, -0.1722E-15, -0.2705E-16,  0.1507E-15, -0.1249E-15, -0.1378E-15, -0.1110E-15,  0.1020E-15,  0.2429E-15,  0.7494E-15
  0.4163E-16,   1.000    , -0.4228E-16, -0.1603E-15,  0.1386E-15, -0.8315E-16,  0.1457E-15, -0.6939E-17,  0.9714E-16,  0.1019E-15,  0.1600E-18, -0.5551E-16,   0.000    , -0.2927E-29, -0.1773E-16,  0.2078E-15,  0.1461E-16,  0.3260E-15,  0.6939E-16,  0.5346E-17,  0.2082E-15,  0.7736E-16, -0.5135E-15,  0.2498E-15
  0.2602E-17, -0.4228E-16,   1.000    ,  0.2882E-16, -0.3860E-16,  0.1560E-16,  0.4041E-15, -0.9834E-16, -0.1188E-15,  0.6044E-17, -0.4186E-17, -0.1214E-16,   0.000    ,  0.2074E-30, -0.2442E-17, -0.8208E-16,  0.7601E-16,  0.6291E-16, -0.1869E-15,  0.1792E-16,  0.1119E-15, -0.9648E-17, -0.4107E-15,  0.1550E-15
  0.4501E-17, -0.1603E-15,  0.2882E-16,   1.000    , -0.1150E-15,  0.2720E-15, -0.5806E-15, -0.2159E-15, -0.5282E-16,  0.2107E-15, -0.4932E-16,  0.1015E-15,   0.000    , -0.1908E-28,  0.4013E-16,  0.5105E-16,  0.6371E-16,  0.1228E-16,  0.1191E-17, -0.5224E-15,  0.1190E-15,  0.1525E-15, -0.1798E-15,  0.1339E-15
  0.3072E-15,  0.1386E-15, -0.3860E-16, -0.1150E-15,   1.000    ,  0.9354E-16, -0.9421E-16,  0.8468E-16,  0.5260E-16, -0.1766E-15,  0.4626E-16, -0.3971E-16,   0.000    ,  0.2896E-29, -0.2038E-15,  0.1174E-15,  0.1339E-15,  0.6662E-16, -0.1727E-15, -0.6474E-16,  0.4009E-16, -0.5418E-15, -0.9696E-16, -0.2137E-15
  0.7492E-18, -0.8315E-16,  0.1560E-16,  0.2720E-15,  0.9354E-16,   1.000    ,  0.1769E-16, -0.4283E-16,  0.1701E-16, -0.2249E-16,  0.4380E-16,  0.2280E-17,   0.000    ,  0.4333E-17, -0.1169E-16,  0.1589E-16,  0.7779E-17,  0.3314E-17, -0.1829E-16,  0.5201E-17, -0.6777E-17,  0.2111E-15, -0.9493E-16,  0.6644E-18
  0.7220E-17,  0.1457E-15,  0.4041E-15, -0.5806E-15, -0.9421E-16,  0.1769E-16,   1.000    ,  0.2126E-15, -0.1731E-15, -0.1057E-15, -0.9540E-17,  0.8577E-16,   0.000    , -0.1218E-31,  0.3748E-15,  0.6621E-15,  0.1853E-15, -0.3083E-15,  0.4466E-17,  0.7856E-16, -0.5019E-16, -0.1495E-15, -0.1400E-15, -0.2350E-15
  0.1457E-15, -0.6939E-17, -0.9834E-16, -0.2159E-15,  0.8468E-16, -0.4283E-16,  0.2126E-15,   1.000    ,   0.000    ,  0.6375E-16,  0.5015E-16,  0.8327E-16,   0.000    ,  0.1439E-32,  0.1285E-15, -0.1036E-15,  0.5032E-16,  0.1370E-15, -0.1318E-15,  0.4728E-16, -0.3469E-16,  0.1133E-15, -0.1110E-15, -0.7286E-16
  0.1388E-15,  0.9714E-16, -0.1188E-15, -0.5282E-16,  0.5260E-16,  0.1701E-16, -0.1731E-15,   0.000    ,   1.000    , -0.4250E-16,  0.8883E-16,   0.000    ,   0.000    , -0.1342E-32, -0.2592E-15,  0.6869E-16, -0.9304E-17, -0.5660E-16,   0.000    ,  0.1494E-16,  0.5551E-16,  0.2031E-16,  0.2082E-15,  0.1943E-15
  0.2663E-15,  0.1019E-15,  0.6044E-17,  0.2107E-15, -0.1766E-15, -0.2249E-16, -0.1057E-15,  0.6375E-16, -0.4250E-16,   1.000    ,  0.1584E-16, -0.2238E-15,   0.000    ,  0.1330E-32, -0.2882E-15, -0.1847E-15,  0.5436E-16, -0.2365E-15, -0.3374E-15, -0.1471E-15, -0.2671E-15, -0.2445E-16,  0.8674E-18, -0.2776E-16
 -0.1040E-16,  0.1600E-18, -0.4186E-17, -0.4932E-16,  0.4626E-16,  0.4380E-16, -0.9540E-17,  0.5015E-16,  0.8883E-16,  0.1584E-16,   1.000    ,  0.5649E-16,   0.000    ,  0.2295E-15,  0.9658E-16,  0.9309E-16, -0.6939E-16,  0.2755E-16, -0.6398E-16,  0.2653E-15,  0.4258E-16,  0.1533E-16, -0.3070E-17,  0.7773E-17
  0.1665E-15, -0.5551E-16, -0.1214E-16,  0.1015E-15, -0.3971E-16,  0.2280E-17,  0.8577E-16,  0.8327E-16,   0.000    , -0.2238E-15,  0.5649E-16,   1.000    ,   0.000    ,  0.1943E-32,  0.5078E-16,  0.6028E-16,  0.4386E-17,  0.8630E-16, -0.1110E-15,  0.9199E-16, -0.3331E-15,  0.2655E-17,  0.1388E-16,   0.000    
   0.000    ,   0.000    ,   0.000    ,   0.000    ,   0.000    ,   0.000    ,   0.000    ,   0.000    ,   0.000    ,   0.000    ,   0.000    ,   0.000    ,   1.000    ,   0.000    ,   0.000    ,   0.000    ,   0.000    ,   0.000    ,   0.000    ,   0.000    ,   0.000    ,   0.000    ,   0.000    ,   0.000    
  0.6309E-32, -0.2927E-29,  0.2074E-30, -0.1908E-28,  0.2896E-29,  0.4333E-17, -0.1218E-31,  0.1439E-32, -0.1342E-32,  0.1330E-32,  0.2295E-15,  0.1943E-32,   0.000    ,   1.000    , -0.2274E-33, -0.2809E-31,  0.9037E-16, -0.3854E-32,  0.3395E-33,  0.2123E-30,  0.2881E-32, -0.1257E-28,  0.5208E-29, -0.5979E-32
 -0.1571E-15, -0.1773E-16, -0.2442E-17,  0.4013E-16, -0.2038E-15, -0.1169E-16,  0.3748E-15,  0.1285E-15, -0.2592E-15, -0.2882E-15,  0.9658E-16,  0.5078E-16,   0.000    , -0.2274E-33,   1.000    ,  0.3363E-15, -0.5357E-18,  0.8615E-15,  0.4083E-15, -0.9794E-16,  0.6689E-15,  0.1229E-15, -0.2852E-16,  0.2365E-15
 -0.1722E-15,  0.2078E-15, -0.8208E-16,  0.5105E-16,  0.1174E-15,  0.1589E-16,  0.6621E-15, -0.1036E-15,  0.6869E-16, -0.1847E-15,  0.9309E-16,  0.6028E-16,   0.000    , -0.2809E-31,  0.3363E-15,   1.000    ,  0.2424E-15,  0.1366E-15, -0.2920E-15, -0.4988E-16,  0.3250E-15,  0.1049E-15, -0.9319E-16,  0.2003E-15
 -0.2705E-16,  0.1461E-16,  0.7601E-16,  0.6371E-16,  0.1339E-15,  0.7779E-17,  0.1853E-15,  0.5032E-16, -0.9304E-17,  0.5436E-16, -0.6939E-16,  0.4386E-17,   0.000    ,  0.9037E-16, -0.5357E-18,  0.2424E-15,   1.000    ,  0.1827E-16,  0.1200E-16, -0.1975E-15, -0.2355E-16,  0.7893E-16, -0.2183E-16,  0.3877E-16
  0.1507E-15,  0.3260E-15,  0.6291E-16,  0.1228E-16,  0.6662E-16,  0.3314E-17, -0.3083E-15,  0.1370E-15, -0.5660E-16, -0.2365E-15,  0.2755E-16,  0.8630E-16,   0.000    , -0.3854E-32,  0.8615E-15,  0.1366E-15,  0.1827E-16,   1.000    , -0.8012E-16, -0.8566E-16,  0.9075E-16,  0.1582E-15,  0.2982E-17, -0.2056E-15
 -0.1249E-15,  0.6939E-16, -0.1869E-15,  0.1191E-17, -0.1727E-15, -0.1829E-16,  0.4466E-17, -0.1318E-15,   0.000    , -0.3374E-15, -0.6398E-16, -0.1110E-15,   0.000    ,  0.3395E-33,  0.4083E-15, -0.2920E-15,  0.1200E-16, -0.8012E-16,   1.000    , -0.4623E-16,  0.4996E-15, -0.1165E-15,  0.4857E-16, -0.8327E-16
 -0.1378E-15,  0.5346E-17,  0.1792E-16, -0.5224E-15, -0.6474E-16,  0.5201E-17,  0.7856E-16,  0.4728E-16,  0.1494E-16, -0.1471E-15,  0.2653E-15,  0.9199E-16,   0.000    ,  0.2123E-30, -0.9794E-16, -0.4988E-16, -0.1975E-15, -0.8566E-16, -0.4623E-16,   1.000    ,  0.8294E-16, -0.7144E-16, -0.1567E-15,  0.8111E-16
 -0.1110E-15,  0.2082E-15,  0.1119E-15,  0.1190E-15,  0.4009E-16, -0.6777E-17, -0.5019E-16, -0.3469E-16,  0.5551E-16, -0.2671E-15,  0.4258E-16, -0.3331E-15,   0.000    ,  0.2881E-32,  0.6689E-15,  0.3250E-15, -0.2355E-16,  0.9075E-16,  0.4996E-15,  0.8294E-16,   1.000    , -0.9706E-16,  0.1249E-15, -0.5551E-16
  0.1020E-15,  0.7736E-16, -0.9648E-17,  0.1525E-15, -0.5418E-15,  0.2111E-15, -0.1495E-15,  0.1133E-15,  0.2031E-16, -0.2445E-16,  0.1533E-16,  0.2655E-17,   0.000    , -0.1257E-28,  0.1229E-15,  0.1049E-15,  0.7893E-16,  0.1582E-15, -0.1165E-15, -0.7144E-16, -0.9706E-16,   1.000    , -0.5111E-16, -0.8432E-16
  0.2429E-15, -0.5135E-15, -0.4107E-15, -0.1798E-15, -0.9696E-16, -0.9493E-16, -0.1400E-15, -0.1110E-15,  0.2082E-15,  0.8674E-18, -0.3070E-17,  0.1388E-16,   0.000    ,  0.5208E-29, -0.2852E-16, -0.9319E-16, -0.2183E-16,  0.2982E-17,  0.4857E-16, -0.1567E-15,  0.1249E-15, -0.5111E-16,   1.000    , -0.2498E-15
  0.7494E-15,  0.2498E-15,  0.1550E-15,  0.1339E-15, -0.2137E-15,  0.6644E-18, -0.2350E-15, -0.7286E-16,  0.1943E-15, -0.2776E-16,  0.7773E-17,   0.000    ,   0.000    , -0.5979E-32,  0.2365E-15,  0.2003E-15,  0.3877E-16, -0.2056E-15, -0.8327E-16,  0.8111E-16, -0.5551E-16, -0.8432E-16, -0.2498E-15,   1.000    
 
 rxyz0: 
 
   0.000    ,   0.000    ,  -1.927    ,  0.9633    ,  0.9633    ,   1.927    , -0.9633    , -0.9633    
   0.000    ,   0.000    ,   0.000    ,   1.668    ,  -1.668    ,   0.000    ,  -1.668    ,   1.668    
   1.452    ,  -1.452    ,   2.188    ,   2.188    ,   2.188    ,  -2.188    ,  -2.188    ,  -2.188    
 
 rx0 kartesian: 
 
   0.000    
   0.000    
   1.452    
   0.000    
   0.000    
  -1.452    
  -1.927    
   0.000    
   2.188    
  0.9633    
   1.668    
   2.188    
  0.9633    
  -1.668    
   2.188    
   1.927    
   0.000    
  -2.188    
 -0.9633    
  -1.668    
  -2.188    
 -0.9633    
   1.668    
  -2.188    
 
 inital hessian full: 
 
 -0.1716E-01
   1.267    
  0.6298    
  -1.413    
 -0.5157E-01
  0.8449    
 -0.2763E-16
  0.8986E-16
  -1.092    
 -0.4199    
 -0.4957    
 -0.4426    
 -0.3730    
  0.4534    
  0.7807    
  0.1327    
  0.9354    
  0.8656    
   2.094    
  -2.555    
  -2.419    
  -5.033    
  0.5386    
  -1.922    
 
 inital hessian: 
 
 -0.1716E-01
   1.267    
  0.6298    
  -1.413    
 -0.5157E-01
  0.8449    
 -0.2763E-16
  0.8986E-16
  -1.092    
 -0.4199    
 -0.4957    
 -0.4426    
 -0.3730    
  0.4534    
  0.7807    
  0.1327    
  0.9354    
  0.8656    
 
 Back transformation check: 
 
 -0.2365    ,  0.2230    , -0.2790    , -0.5677    , -0.3018    ,  0.2675    ,  0.5041    ,  0.5038    
  0.2763E-16,  0.7503E-15, -0.1293E-01,  0.1369    , -0.1251    ,  0.1796E-04, -0.2083    ,  0.2016    
   1.783    ,  -1.980    ,  0.5919    ,  0.4576E-01,  0.1168    , -0.5900    , -0.8005E-01, -0.8086E-01
 
