SLURM_NTASKS: 1
SLURM_NTASKS_PER_NODE: 1
SLURM_CPUS_PER_TASK: 1
 delta_t =    10.0000000000000     
 hessian: 
 
  0.2503E-04, -0.1202E-12, -0.7563E-08, -0.3769E-05, -0.4897E-12, -0.2002E-07, -0.4159E-04,  0.4503E-10,  0.1220E-04, -0.1620E-04, -0.1476E-04, -0.6043E-05, -0.1620E-04,  0.1476E-04, -0.6043E-05,  0.3985E-06,  0.9547E-09,  0.5137E-05,  0.9116E-07,  0.1630E-06, -0.2578E-05,  0.9193E-07, -0.1621E-06, -0.2578E-05
 -0.1202E-12,  0.2502E-04, -0.3550E-09, -0.2245E-12, -0.3769E-05, -0.7273E-09, -0.8691E-12, -0.7662E-05,  0.1056E-09, -0.1476E-04, -0.3316E-04, -0.1044E-04,  0.1476E-04, -0.3316E-04,  0.1044E-04, -0.6728E-10,  0.5576E-08,  0.4007E-09,  0.1499E-06,  0.2893E-06, -0.4454E-05, -0.1493E-06,  0.2885E-06,  0.4455E-05
 -0.7563E-08, -0.3550E-09,  0.2213E-04, -0.2004E-07, -0.7272E-09, -0.1017E-04,  0.1219E-04,  0.2387E-09, -0.1190E-04, -0.6036E-05, -0.1043E-04, -0.1179E-04, -0.6036E-05,  0.1043E-04, -0.1179E-04,  0.2535E-06,  0.1254E-09, -0.1963E-05, -0.1361E-06, -0.2252E-06, -0.1935E-05, -0.1372E-06,  0.2275E-06, -0.1936E-05
 -0.3769E-05, -0.2245E-12, -0.2004E-07,  0.2503E-04, -0.3355E-12, -0.7874E-08,  0.4008E-06,  0.9545E-09,  0.5137E-05,  0.9207E-07,  0.1641E-06, -0.2577E-05,  0.9284E-07, -0.1632E-06, -0.2578E-05, -0.4159E-04,  0.4563E-10,  0.1220E-04, -0.1620E-04, -0.1476E-04, -0.6043E-05, -0.1620E-04,  0.1476E-04, -0.6043E-05
 -0.4897E-12, -0.3769E-05, -0.7272E-09, -0.3355E-12,  0.2502E-04, -0.3550E-09,  0.1848E-11,  0.5575E-08,  0.4004E-09,  0.1499E-06,  0.2893E-06, -0.4454E-05, -0.1493E-06,  0.2885E-06,  0.4455E-05, -0.1182E-10, -0.7662E-05,  0.1049E-09, -0.1476E-04, -0.3316E-04, -0.1044E-04,  0.1476E-04, -0.3316E-04,  0.1044E-04
 -0.2002E-07, -0.7273E-09, -0.1017E-04, -0.7874E-08, -0.3550E-09,  0.2213E-04,  0.2530E-06,  0.1254E-09, -0.1963E-05, -0.1361E-06, -0.2252E-06, -0.1935E-05, -0.1372E-06,  0.2275E-06, -0.1936E-05,  0.1219E-04,  0.2386E-09, -0.1190E-04, -0.6036E-05, -0.1043E-04, -0.1179E-04, -0.6036E-05,  0.1043E-04, -0.1179E-04
 -0.4159E-04, -0.8691E-12,  0.1219E-04,  0.4008E-06,  0.1848E-11,  0.2530E-06,  0.1508E-03, -0.5799E-09, -0.4800E-04, -0.4995E-05,  0.2010E-05,  0.2773E-05, -0.4996E-05, -0.2010E-05,  0.2773E-05,  0.8970E-06, -0.1404E-08, -0.4246E-06,  0.2782E-06,  0.5519E-08, -0.4647E-07,  0.2762E-06, -0.7437E-08, -0.4524E-07
  0.4503E-10, -0.7662E-05,  0.2387E-09,  0.9545E-09,  0.5575E-08,  0.1254E-09, -0.5799E-09,  0.2348E-04,  0.1995E-09, -0.1247E-04,  0.1059E-05,  0.4979E-05,  0.1247E-04,  0.1059E-05, -0.4979E-05, -0.1380E-08,  0.5547E-06,  0.3967E-09,  0.2237E-06,  0.1447E-06,  0.1330E-06, -0.2255E-06,  0.1467E-06, -0.1343E-06
  0.1220E-04,  0.1056E-09, -0.1190E-04,  0.5137E-05,  0.4004E-09, -0.1963E-05, -0.4800E-04,  0.1995E-09,  0.4591E-04, -0.5634E-05,  0.8024E-07,  0.1589E-05, -0.5633E-05, -0.8065E-07,  0.1590E-05, -0.4269E-06,  0.3968E-09, -0.3175E-05, -0.9074E-07,  0.1087E-06,  0.9802E-06, -0.8938E-07, -0.1092E-06,  0.9803E-06
 -0.1620E-04, -0.1476E-04, -0.6036E-05,  0.9207E-07,  0.1499E-06, -0.1361E-06, -0.4995E-05, -0.1247E-04, -0.5634E-05,  0.5553E-04,  0.5538E-04,  0.2381E-04,  0.4099E-05,  0.7262E-05,  0.2893E-05,  0.2785E-06,  0.2237E-06, -0.9074E-07,  0.6423E-06,  0.1514E-06,  0.1954E-06,  0.7935E-07, -0.1093E-06,  0.1431E-06
 -0.1476E-04, -0.3316E-04, -0.1043E-04,  0.1641E-06,  0.2893E-06, -0.2252E-06,  0.2010E-05,  0.1059E-05,  0.8024E-07,  0.5538E-04,  0.1192E-03,  0.4112E-04, -0.7263E-05, -0.8015E-05, -0.4831E-05,  0.4978E-08,  0.1447E-06,  0.1087E-06,  0.1514E-06,  0.8147E-06,  0.3589E-06,  0.1085E-06,  0.3429E-06, -0.2590E-07
 -0.6043E-05, -0.1044E-04, -0.1179E-04, -0.2577E-05, -0.4454E-05, -0.1935E-05,  0.2773E-05,  0.4979E-05,  0.1589E-05,  0.2381E-04,  0.4112E-04,  0.4546E-04,  0.2893E-05,  0.4831E-05,  0.1563E-05, -0.4697E-07,  0.1330E-06,  0.9802E-06,  0.1954E-06,  0.3589E-06, -0.3176E-05,  0.1434E-06,  0.2432E-07,  0.9800E-06
 -0.1620E-04,  0.1476E-04, -0.6036E-05,  0.9284E-07, -0.1493E-06, -0.1372E-06, -0.4996E-05,  0.1247E-04, -0.5633E-05,  0.4099E-05, -0.7263E-05,  0.2893E-05,  0.5553E-04, -0.5539E-04,  0.2381E-04,  0.2764E-06, -0.2255E-06, -0.8938E-07,  0.7935E-07,  0.1085E-06,  0.1434E-06,  0.6424E-06, -0.1532E-06,  0.1970E-06
  0.1476E-04, -0.3316E-04,  0.1043E-04, -0.1632E-06,  0.2885E-06,  0.2275E-06, -0.2010E-05,  0.1059E-05, -0.8065E-07,  0.7262E-05, -0.8015E-05,  0.4831E-05, -0.5539E-04,  0.1192E-03, -0.4112E-04, -0.6697E-08,  0.1467E-06, -0.1092E-06, -0.1093E-06,  0.3429E-06,  0.2432E-07, -0.1532E-06,  0.8175E-06, -0.3618E-06
 -0.6043E-05,  0.1044E-04, -0.1179E-04, -0.2578E-05,  0.4455E-05, -0.1936E-05,  0.2773E-05, -0.4979E-05,  0.1590E-05,  0.2893E-05, -0.4831E-05,  0.1563E-05,  0.2381E-04, -0.4112E-04,  0.4546E-04, -0.4582E-07, -0.1343E-06,  0.9803E-06,  0.1431E-06, -0.2590E-07,  0.9800E-06,  0.1970E-06, -0.3618E-06, -0.3174E-05
  0.3985E-06, -0.6728E-10,  0.2535E-06, -0.4159E-04, -0.1182E-10,  0.1219E-04,  0.8970E-06, -0.1380E-08, -0.4269E-06,  0.2785E-06,  0.4978E-08, -0.4697E-07,  0.2764E-06, -0.6697E-08, -0.4582E-07,  0.1508E-03, -0.5752E-09, -0.4800E-04, -0.4995E-05,  0.2010E-05,  0.2773E-05, -0.4996E-05, -0.2010E-05,  0.2772E-05
  0.9547E-09,  0.5576E-08,  0.1254E-09,  0.4563E-10, -0.7662E-05,  0.2386E-09, -0.1404E-08,  0.5547E-06,  0.3968E-09,  0.2237E-06,  0.1447E-06,  0.1330E-06, -0.2255E-06,  0.1467E-06, -0.1343E-06, -0.5752E-09,  0.2348E-04,  0.2010E-09, -0.1247E-04,  0.1059E-05,  0.4979E-05,  0.1247E-04,  0.1059E-05, -0.4979E-05
  0.5137E-05,  0.4007E-09, -0.1963E-05,  0.1220E-04,  0.1049E-09, -0.1190E-04, -0.4246E-06,  0.3967E-09, -0.3175E-05, -0.9074E-07,  0.1087E-06,  0.9802E-06, -0.8938E-07, -0.1092E-06,  0.9803E-06, -0.4800E-04,  0.2010E-09,  0.4591E-04, -0.5634E-05,  0.8024E-07,  0.1589E-05, -0.5633E-05, -0.8065E-07,  0.1590E-05
  0.9116E-07,  0.1499E-06, -0.1361E-06, -0.1620E-04, -0.1476E-04, -0.6036E-05,  0.2782E-06,  0.2237E-06, -0.9074E-07,  0.6423E-06,  0.1514E-06,  0.1954E-06,  0.7935E-07, -0.1093E-06,  0.1431E-06, -0.4995E-05, -0.1247E-04, -0.5634E-05,  0.5553E-04,  0.5538E-04,  0.2381E-04,  0.4099E-05,  0.7262E-05,  0.2893E-05
  0.1630E-06,  0.2893E-06, -0.2252E-06, -0.1476E-04, -0.3316E-04, -0.1043E-04,  0.5519E-08,  0.1447E-06,  0.1087E-06,  0.1514E-06,  0.8147E-06,  0.3589E-06,  0.1085E-06,  0.3429E-06, -0.2590E-07,  0.2010E-05,  0.1059E-05,  0.8024E-07,  0.5538E-04,  0.1192E-03,  0.4112E-04, -0.7263E-05, -0.8014E-05, -0.4831E-05
 -0.2578E-05, -0.4454E-05, -0.1935E-05, -0.6043E-05, -0.1044E-04, -0.1179E-04, -0.4647E-07,  0.1330E-06,  0.9802E-06,  0.1954E-06,  0.3589E-06, -0.3176E-05,  0.1434E-06,  0.2432E-07,  0.9800E-06,  0.2773E-05,  0.4979E-05,  0.1589E-05,  0.2381E-04,  0.4112E-04,  0.4546E-04,  0.2893E-05,  0.4831E-05,  0.1563E-05
  0.9193E-07, -0.1493E-06, -0.1372E-06, -0.1620E-04,  0.1476E-04, -0.6036E-05,  0.2762E-06, -0.2255E-06, -0.8938E-07,  0.7935E-07,  0.1085E-06,  0.1434E-06,  0.6424E-06, -0.1532E-06,  0.1970E-06, -0.4996E-05,  0.1247E-04, -0.5633E-05,  0.4099E-05, -0.7263E-05,  0.2893E-05,  0.5553E-04, -0.5539E-04,  0.2381E-04
 -0.1621E-06,  0.2885E-06,  0.2275E-06,  0.1476E-04, -0.3316E-04,  0.1043E-04, -0.7437E-08,  0.1467E-06, -0.1092E-06, -0.1093E-06,  0.3429E-06,  0.2432E-07, -0.1532E-06,  0.8175E-06, -0.3618E-06, -0.2010E-05,  0.1059E-05, -0.8065E-07,  0.7262E-05, -0.8014E-05,  0.4831E-05, -0.5539E-04,  0.1192E-03, -0.4112E-04
 -0.2578E-05,  0.4455E-05, -0.1936E-05, -0.6043E-05,  0.1044E-04, -0.1179E-04, -0.4524E-07, -0.1343E-06,  0.9803E-06,  0.1431E-06, -0.2590E-07,  0.9800E-06,  0.1970E-06, -0.3618E-06, -0.3174E-05,  0.2772E-05, -0.4979E-05,  0.1590E-05,  0.2893E-05, -0.4831E-05,  0.1563E-05,  0.2381E-04, -0.4112E-04,  0.4546E-04
 
 eigenvalues_full: 
 
 -0.2808E-08
 -0.1322E-08
 -0.3670E-09
 -0.1724E-12
 -0.1346E-12
 -0.3640E-13
  0.1592E-05
  0.1499E-04
  0.1500E-04
  0.2166E-04
  0.3129E-04
  0.3130E-04
  0.3947E-04
  0.4125E-04
  0.4290E-04
  0.4291E-04
  0.4379E-04
  0.4379E-04
  0.1714E-03
  0.1733E-03
  0.1864E-03
  0.1864E-03
  0.1890E-03
  0.1890E-03
 
 eigenvectors: 
 
 -0.1673E-02, -0.5272    , -0.9814E-03,  0.3817E-01,  0.4278    , -0.4618    , -0.2056E-05, -0.7983E-03,  0.1606    , -0.2001E-02,  0.7357E-03, -0.4143    , -0.8982E-03,  0.1330E-02, -0.5535E-02,  0.6915E-01,  0.4278E-01, -0.1577    , -0.3837E-03,  0.2628E-03, -0.1105    ,  0.1874    , -0.1893    , -0.1101    
 -0.4522    ,  0.8780E-03,  0.2677    ,  0.2416    ,  0.4183    ,  0.4076    , -0.1240E-04, -0.1606    , -0.7875E-03, -0.1850E-04, -0.4143    , -0.7299E-03, -0.2352E-04, -0.1132E-04,  0.6926E-01,  0.5552E-02,  0.1577    ,  0.4277E-01,  0.8173E-05,  0.6324E-04,  0.1873    ,  0.1105    , -0.1101    ,  0.1894    
 -0.6827E-05,  0.1686E-02,  0.2290E-05, -0.5828    ,  0.2016    ,  0.1386    ,  0.1867E-05,  0.7218E-05, -0.5432E-03, -0.5775    ,  0.1910E-04,  0.1700E-02, -0.2922    ,  0.3882    ,  0.5720E-04, -0.1250E-04, -0.1594E-03,  0.4514E-03, -0.1260    ,  0.1226    ,  0.3315E-03, -0.5422E-03,  0.5555E-03,  0.2709E-03
  0.1630E-02,  0.5239    ,  0.1103E-02,  0.3840E-01,  0.4297    , -0.4638    , -0.2022E-05, -0.7980E-03,  0.1606    ,  0.1990E-02, -0.7357E-03,  0.4143    , -0.8822E-03, -0.1309E-02,  0.5538E-02, -0.6918E-01,  0.4277E-01, -0.1577    ,  0.3990E-03,  0.3130E-03,  0.1104    , -0.1872    , -0.1895    , -0.1102    
  0.4522    , -0.8949E-03, -0.2678    ,  0.2416    ,  0.4184    ,  0.4075    , -0.1253E-04, -0.1606    , -0.7874E-03,  0.1849E-04,  0.4143    ,  0.7298E-03, -0.2343E-04,  0.1187E-04, -0.6926E-01, -0.5554E-02,  0.1577    ,  0.4277E-01, -0.6825E-05,  0.6211E-04, -0.1873    , -0.1105    , -0.1101    ,  0.1894    
 -0.3667E-04, -0.1624E-02, -0.2036E-04, -0.5828    ,  0.2016    ,  0.1386    ,  0.1867E-05,  0.7078E-05, -0.5199E-03,  0.5775    , -0.1898E-04, -0.1685E-02, -0.2923    , -0.3881    , -0.5590E-04,  0.1641E-05, -0.1482E-03,  0.4145E-03,  0.1259    ,  0.1228    , -0.3475E-03,  0.5681E-03,  0.5635E-03,  0.2747E-03
 -0.7347E-03, -0.2327    , -0.4473E-03,  0.1103E-01,  0.1237    , -0.1336    ,  0.3004E-05,  0.7521E-03, -0.1516    , -0.2323E-01, -0.7834E-04,  0.4586E-01,  0.1591    , -0.1568    , -0.9693E-02,  0.1207    ,  0.3299E-01, -0.1216    , -0.3765    ,  0.3761    ,  0.2604    , -0.4415    ,  0.4413    ,  0.2565    
 -0.4073    ,  0.1737E-02, -0.2332    ,  0.6999E-01,  0.1211    ,  0.1180    , -0.4082    ,  0.2195    ,  0.1080E-02,  0.2201E-06,  0.2188    ,  0.3758E-03,  0.5381E-04,  0.7336E-04, -0.4798    , -0.3847E-01, -0.4841    , -0.1313    ,  0.6882E-05,  0.3937E-05,  0.9313E-02,  0.5481E-02, -0.3534E-02,  0.6049E-02
 -0.6434E-03, -0.2039    , -0.4061E-03, -0.1688    ,  0.5801E-01,  0.4052E-01, -0.1189E-05,  0.2448E-02, -0.4949    , -0.2342    , -0.7194E-03,  0.4109    ,  0.3360    , -0.3035    , -0.2318E-01,  0.2884    ,  0.5744E-01, -0.2116    ,  0.1408    , -0.1425    , -0.1005    ,  0.1703    , -0.1735    , -0.1008    
 -0.1804    , -0.2306    , -0.3049    ,  0.1105E-01,  0.1237    , -0.1336    , -0.3536    , -0.3041E-01, -0.2016    ,  0.1057E-01, -0.7681E-01,  0.1746    , -0.7802E-01,  0.7696E-01,  0.2853    , -0.3095    ,  0.1711    ,  0.4041    ,  0.1889    , -0.1886    , -0.1346    , -0.2194    ,  0.2194    , -0.1327    
 -0.9530E-01, -0.2855E-03,  0.2937    ,  0.6998E-01,  0.1211    ,  0.1180    ,  0.2041    ,  0.1673    ,  0.3090E-01,  0.1949E-01,  0.8833E-01, -0.7526E-01, -0.1368    ,  0.1348    , -0.5085E-01,  0.2573    ,  0.4075E-01, -0.2703    ,  0.3263    , -0.3258    , -0.2138    , -0.3896    ,  0.3860    , -0.2171    
  0.1534    ,  0.1028    , -0.8915E-01, -0.1687    ,  0.5856E-01,  0.3991E-01,  0.1122E-02, -0.4301    ,  0.2462    , -0.2347    , -0.3554    , -0.2067    ,  0.3366    , -0.3038    , -0.2395    , -0.1636    , -0.2128    ,  0.5503E-01,  0.1390    , -0.1406    , -0.9603E-01, -0.1701    ,  0.1721    , -0.9861E-01
  0.1789    , -0.2330    ,  0.3041    ,  0.1104E-01,  0.1237    , -0.1335    ,  0.3536    ,  0.3240E-01, -0.2013    ,  0.1058E-01,  0.7618E-01,  0.1748    , -0.7796E-01,  0.7702E-01, -0.2324    , -0.3510    , -0.3518    ,  0.2623    ,  0.1889    , -0.1884    ,  0.2571    ,  0.1167E-01, -0.6886E-02,  0.2564    
 -0.9531E-01, -0.2889E-03,  0.2937    ,  0.6997E-01,  0.1211    ,  0.1180    ,  0.2041    ,  0.1676    , -0.2924E-01, -0.1948E-01,  0.8807E-01,  0.7557E-01,  0.1368    , -0.1348    , -0.9261E-02, -0.2621    , -0.1013    ,  0.2538    , -0.3264    ,  0.3256    , -0.4444    ,  0.1407E-02, -0.2128E-02, -0.4430    
 -0.1528    ,  0.1034    ,  0.8955E-01, -0.1687    ,  0.5855E-01,  0.3994E-01, -0.1127E-02,  0.4277    ,  0.2505    , -0.2346    ,  0.3562    , -0.2055    ,  0.3366    , -0.3038    ,  0.2624    , -0.1234    ,  0.1559    ,  0.1550    ,  0.1390    , -0.1405    ,  0.1953    ,  0.1728E-02, -0.6018E-03,  0.1985    
  0.7224E-03,  0.2318    ,  0.4825E-03,  0.1113E-01,  0.1246    , -0.1345    ,  0.3016E-05,  0.7521E-03, -0.1516    ,  0.2323E-01,  0.7822E-04, -0.4587E-01,  0.1591    ,  0.1567    ,  0.9694E-02, -0.1207    ,  0.3298E-01, -0.1216    ,  0.3761    ,  0.3763    , -0.2602    ,  0.4412    ,  0.4418    ,  0.2567    
  0.4073    , -0.1743E-02,  0.2332    ,  0.6996E-01,  0.1211    ,  0.1180    , -0.4082    ,  0.2195    ,  0.1080E-02, -0.2079E-06, -0.2188    , -0.3756E-03,  0.5437E-04, -0.7487E-04,  0.4798    ,  0.3848E-01, -0.4841    , -0.1313    , -0.6750E-05,  0.3812E-05, -0.9313E-02, -0.5480E-02, -0.3534E-02,  0.6049E-02
  0.6308E-03,  0.2039    ,  0.4008E-03, -0.1687    ,  0.5874E-01,  0.3973E-01, -0.1169E-05,  0.2448E-02, -0.4949    ,  0.2342    ,  0.7193E-03, -0.4109    ,  0.3361    ,  0.3034    ,  0.2319E-01, -0.2885    ,  0.5741E-01, -0.2115    , -0.1407    , -0.1426    ,  0.1004    , -0.1702    , -0.1736    , -0.1009    
  0.1804    ,  0.2297    ,  0.3050    ,  0.1113E-01,  0.1246    , -0.1344    , -0.3535    , -0.3041E-01, -0.2016    , -0.1056E-01,  0.7681E-01, -0.1746    , -0.7806E-01, -0.7697E-01, -0.2854    ,  0.3095    ,  0.1711    ,  0.4040    , -0.1887    , -0.1888    ,  0.1347    ,  0.2192    ,  0.2195    , -0.1327    
  0.9530E-01,  0.2813E-03, -0.2937    ,  0.6998E-01,  0.1212    ,  0.1180    ,  0.2041    ,  0.1673    ,  0.3090E-01, -0.1949E-01, -0.8833E-01,  0.7526E-01, -0.1368    , -0.1348    ,  0.5086E-01, -0.2573    ,  0.4074E-01, -0.2702    , -0.3261    , -0.3262    ,  0.2139    ,  0.3894    ,  0.3862    , -0.2171    
 -0.1534    , -0.1027    ,  0.8914E-01, -0.1688    ,  0.5818E-01,  0.4033E-01,  0.1122E-02, -0.4301    ,  0.2462    ,  0.2347    ,  0.3554    ,  0.2067    ,  0.3367    ,  0.3037    ,  0.2395    ,  0.1637    , -0.2128    ,  0.5504E-01, -0.1389    , -0.1408    ,  0.9609E-01,  0.1700    ,  0.1722    , -0.9859E-01
 -0.1790    ,  0.2320    , -0.3040    ,  0.1114E-01,  0.1246    , -0.1345    ,  0.3535    ,  0.3240E-01, -0.2013    , -0.1058E-01, -0.7618E-01, -0.1748    , -0.7801E-01, -0.7703E-01,  0.2324    ,  0.3511    , -0.3517    ,  0.2622    , -0.1887    , -0.1886    , -0.2570    , -0.1178E-01, -0.6801E-02,  0.2565    
  0.9530E-01,  0.2828E-03, -0.2937    ,  0.6997E-01,  0.1212    ,  0.1180    ,  0.2041    ,  0.1676    , -0.2924E-01,  0.1948E-01, -0.8807E-01, -0.7558E-01,  0.1369    ,  0.1348    ,  0.9257E-02,  0.2621    , -0.1013    ,  0.2538    ,  0.3261    ,  0.3260    ,  0.4443    , -0.1210E-02, -0.2293E-02, -0.4431    
  0.1528    , -0.1034    , -0.8956E-01, -0.1688    ,  0.5820E-01,  0.4031E-01, -0.1127E-02,  0.4277    ,  0.2505    ,  0.2346    , -0.3562    ,  0.2054    ,  0.3367    ,  0.3037    , -0.2624    ,  0.1234    ,  0.1559    ,  0.1550    , -0.1389    , -0.1407    , -0.1953    , -0.1817E-02, -0.5306E-03,  0.1985    
 
 delta(i,j): 
 
   1.000    , -0.7286E-16, -0.2255E-15, -0.1284E-15,  0.2897E-15,  0.1258E-15, -0.5697E-16, -0.1804E-15,  0.2776E-16, -0.4788E-15,  0.8327E-16, -0.1388E-16, -0.9021E-16,  0.4857E-16,  0.1388E-15,  0.9368E-16,  0.1388E-15,  0.7633E-16,  0.1388E-15,  0.1735E-16,  0.2776E-16, -0.2694E-16,  0.1474E-15,  0.1700E-15
 -0.7286E-16,   1.000    , -0.8153E-16,  0.3608E-15,  0.9281E-16, -0.7026E-16, -0.2841E-16,  0.2776E-16, -0.9714E-16,  0.7286E-16,  0.2776E-16,  0.2359E-15,  0.6939E-16,  0.2776E-16, -0.4857E-16, -0.1926E-15, -0.9368E-16, -0.1492E-15, -0.4337E-16, -0.1700E-15,  0.4857E-16, -0.1750E-15, -0.9771E-17, -0.9368E-16
 -0.2255E-15, -0.8153E-16,   1.000    , -0.1821E-15,  0.1648E-16, -0.1475E-15, -0.8094E-16,  0.1249E-15,  0.2082E-16, -0.1735E-16, -0.1665E-15,  0.1318E-15,  0.1527E-15,  0.1735E-16,  0.2082E-16, -0.3105E-15, -0.5204E-16,  0.1162E-15, -0.8500E-16, -0.3469E-16, -0.5551E-16, -0.5890E-16,  0.1889E-15,  0.1249E-15
 -0.1284E-15,  0.3608E-15, -0.1821E-15,   1.000    ,  0.3018E-15,  0.7546E-16, -0.5521E-16, -0.2776E-16,  0.4857E-16, -0.3469E-16, -0.1388E-15, -0.4857E-16, -0.3053E-15, -0.2498E-15, -0.4163E-16, -0.6939E-16,  0.4163E-16, -0.2082E-16, -0.4857E-16, -0.1249E-15,  0.9714E-16,  0.1465E-15,  0.1061E-15, -0.6939E-16
  0.2897E-15,  0.9281E-16,  0.1648E-16,  0.3018E-15,   1.000    ,  0.1362E-15, -0.1315E-15, -0.3469E-17,  0.6939E-17, -0.7459E-16,  0.1388E-16,  0.2776E-15, -0.2776E-16,  0.1006E-15, -0.1284E-15, -0.2255E-15, -0.6765E-16,  0.2429E-16,  0.1128E-15,  0.1023E-15,  0.6592E-16, -0.7318E-18, -0.3443E-15, -0.1856E-15
  0.1258E-15, -0.7026E-16, -0.1475E-15,  0.7546E-16,  0.1362E-15,   1.000    , -0.9297E-16,  0.1110E-15, -0.1978E-15, -0.1527E-15,  0.1197E-15, -0.3816E-16,  0.2082E-16,  0.2082E-16, -0.5204E-16,  0.3209E-16, -0.1180E-15, -0.6852E-16,  0.2168E-16,  0.1509E-15, -0.6072E-16, -0.1835E-16,  0.2137E-15, -0.1128E-15
 -0.5697E-16, -0.2841E-16, -0.8094E-16, -0.5521E-16, -0.1315E-15, -0.9297E-16,   1.000    ,  0.1271E-15,  0.9975E-17,  0.3067E-15, -0.1321E-15, -0.8847E-16, -0.4299E-16, -0.3430E-15,  0.1426E-15, -0.1599E-16,  0.1246E-15, -0.1769E-15, -0.1190E-15,  0.1839E-15,  0.2559E-16,  0.7109E-16, -0.2400E-15, -0.5313E-17
 -0.1804E-15,  0.2776E-16,  0.1249E-15, -0.2776E-16, -0.3469E-17,  0.1110E-15,  0.1271E-15,   1.000    , -0.3469E-15, -0.1110E-15, -0.2498E-15, -0.6939E-16,  0.2776E-16, -0.3331E-15,  0.2776E-15,  0.9714E-16, -0.4163E-15, -0.3747E-15,  0.2776E-16, -0.2082E-15,  0.3469E-15, -0.3394E-16,  0.1953E-15, -0.1665E-15
  0.2776E-16, -0.9714E-16,  0.2082E-16,  0.4857E-16,  0.6939E-17, -0.1978E-15,  0.9975E-17, -0.3469E-15,   1.000    , -0.1388E-16, -0.1388E-15,  0.6106E-15, -0.2359E-15, -0.3469E-15, -0.8327E-16,  0.4510E-16, -0.9714E-16, -0.1180E-15,  0.1388E-16,  0.1804E-15,  0.2151E-15,  0.2611E-15, -0.1935E-16,  0.1110E-15
 -0.4788E-15,  0.7286E-16, -0.1735E-16, -0.3469E-16, -0.7459E-16, -0.1527E-15,  0.3067E-15, -0.1110E-15, -0.1388E-16,   1.000    ,  0.4580E-15, -0.4233E-15,  0.4163E-15, -0.6939E-16,  0.1249E-15, -0.2637E-15,  0.2220E-15, -0.7633E-16,  0.6245E-16, -0.1041E-15, -0.3469E-16, -0.4863E-16, -0.2206E-16, -0.2637E-15
  0.8327E-16,  0.2776E-16, -0.1665E-15, -0.1388E-15,  0.1388E-16,  0.1197E-15, -0.1321E-15, -0.2498E-15, -0.1388E-15,  0.4580E-15,   1.000    ,  0.4163E-16,  0.2498E-15, -0.1665E-15,  0.2498E-15, -0.9714E-16, -0.2498E-15, -0.3469E-15,  0.2359E-15,  0.3469E-16,  0.1665E-15, -0.1425E-15, -0.9888E-16,  0.2776E-15
 -0.1388E-16,  0.2359E-15,  0.1318E-15, -0.4857E-16,  0.2776E-15, -0.3816E-16, -0.8847E-16, -0.6939E-16,  0.6106E-15, -0.4233E-15,  0.4163E-16,   1.000    , -0.1110E-15, -0.3747E-15,   0.000    ,  0.2533E-15,  0.1735E-15,  0.1943E-15,  0.2082E-16,  0.1561E-15, -0.1457E-15,  0.5378E-16,  0.3127E-15, -0.1457E-15
 -0.9021E-16,  0.6939E-16,  0.1527E-15, -0.3053E-15, -0.2776E-16,  0.2082E-16, -0.4299E-16,  0.2776E-16, -0.2359E-15,  0.4163E-15,  0.2498E-15, -0.1110E-15,   1.000    , -0.6939E-16, -0.2220E-15, -0.1318E-15,  0.2914E-15,  0.2776E-15, -0.2012E-15, -0.4857E-16, -0.2776E-16, -0.8023E-16, -0.3286E-15, -0.2082E-15
  0.4857E-16,  0.2776E-16,  0.1735E-16, -0.2498E-15,  0.1006E-15,  0.2082E-16, -0.3430E-15, -0.3331E-15, -0.3469E-15, -0.6939E-16, -0.1665E-15, -0.3747E-15, -0.6939E-16,   1.000    , -0.2776E-16,  0.9021E-16,  0.3955E-15,  0.2359E-15, -0.5551E-16, -0.3608E-15,  0.7633E-16, -0.7958E-16,  0.1533E-15, -0.4163E-16
  0.1388E-15, -0.4857E-16,  0.2082E-16, -0.4163E-16, -0.1284E-15, -0.5204E-16,  0.1426E-15,  0.2776E-15, -0.8327E-16,  0.1249E-15,  0.2498E-15,   0.000    , -0.2220E-15, -0.2776E-16,   1.000    ,  0.1388E-16,  0.3053E-15,  0.2706E-15,  0.9021E-16,  0.4163E-16, -0.1041E-15, -0.7232E-16, -0.6736E-16, -0.1665E-15
  0.9368E-16, -0.1926E-15, -0.3105E-15, -0.6939E-16, -0.2255E-15,  0.3209E-16, -0.1599E-16,  0.9714E-16,  0.4510E-16, -0.2637E-15, -0.9714E-16,  0.2533E-15, -0.1318E-15,  0.9021E-16,  0.1388E-16,   1.000    , -0.2186E-15,  0.1318E-15,  0.1804E-15,  0.4857E-16,  0.4580E-15, -0.6996E-16,  0.9189E-17,  0.1145E-15
  0.1388E-15, -0.9368E-16, -0.5204E-16,  0.4163E-16, -0.6765E-16, -0.1180E-15,  0.1246E-15, -0.4163E-15, -0.9714E-16,  0.2220E-15, -0.2498E-15,  0.1735E-15,  0.2914E-15,  0.3955E-15,  0.3053E-15, -0.2186E-15,   1.000    , -0.4510E-16, -0.2047E-15,  0.1006E-15,  0.6939E-16,  0.7091E-16, -0.2434E-16,  0.9714E-16
  0.7633E-16, -0.1492E-15,  0.1162E-15, -0.2082E-16,  0.2429E-16, -0.6852E-16, -0.1769E-15, -0.3747E-15, -0.1180E-15, -0.7633E-16, -0.3469E-15,  0.1943E-15,  0.2776E-15,  0.2359E-15,  0.2706E-15,  0.1318E-15, -0.4510E-16,   1.000    ,  0.2741E-15,  0.1318E-15,  0.1561E-15,  0.2396E-16,  0.1505E-15, -0.1769E-15
  0.1388E-15, -0.4337E-16, -0.8500E-16, -0.4857E-16,  0.1128E-15,  0.2168E-16, -0.1190E-15,  0.2776E-16,  0.1388E-16,  0.6245E-16,  0.2359E-15,  0.2082E-16, -0.2012E-15, -0.5551E-16,  0.9021E-16,  0.1804E-15, -0.2047E-15,  0.2741E-15,   1.000    ,  0.8500E-15,  0.9888E-15, -0.9980E-16,  0.1477E-17,  0.3678E-15
  0.1735E-16, -0.1700E-15, -0.3469E-16, -0.1249E-15,  0.1023E-15,  0.1509E-15,  0.1839E-15, -0.2082E-15,  0.1804E-15, -0.1041E-15,  0.3469E-16,  0.1561E-15, -0.4857E-16, -0.3608E-15,  0.4163E-16,  0.4857E-16,  0.1006E-15,  0.1318E-15,  0.8500E-15,   1.000    ,  0.8049E-15,  0.3415E-16, -0.2972E-15, -0.3088E-15
  0.2776E-16,  0.4857E-16, -0.5551E-16,  0.9714E-16,  0.6592E-16, -0.6072E-16,  0.2559E-16,  0.3469E-15,  0.2151E-15, -0.3469E-16,  0.1665E-15, -0.1457E-15, -0.2776E-16,  0.7633E-16, -0.1041E-15,  0.4580E-15,  0.6939E-16,  0.1561E-15,  0.9888E-15,  0.8049E-15,   1.000    , -0.2379E-15, -0.1116E-15, -0.5135E-15
 -0.2694E-16, -0.1750E-15, -0.5890E-16,  0.1465E-15, -0.7318E-18, -0.1835E-16,  0.7109E-16, -0.3394E-16,  0.2611E-15, -0.4863E-16, -0.1425E-15,  0.5378E-16, -0.8023E-16, -0.7958E-16, -0.7232E-16, -0.6996E-16,  0.7091E-16,  0.2396E-16, -0.9980E-16,  0.3415E-16, -0.2379E-15,   1.000    , -0.7388E-15, -0.2651E-16
  0.1474E-15, -0.9771E-17,  0.1889E-15,  0.1061E-15, -0.3443E-15,  0.2137E-15, -0.2400E-15,  0.1953E-15, -0.1935E-16, -0.2206E-16, -0.9888E-16,  0.3127E-15, -0.3286E-15,  0.1533E-15, -0.6736E-16,  0.9189E-17, -0.2434E-16,  0.1505E-15,  0.1477E-17, -0.2972E-15, -0.1116E-15, -0.7388E-15,   1.000    ,  0.1408E-16
  0.1700E-15, -0.9368E-16,  0.1249E-15, -0.6939E-16, -0.1856E-15, -0.1128E-15, -0.5313E-17, -0.1665E-15,  0.1110E-15, -0.2637E-15,  0.2776E-15, -0.1457E-15, -0.2082E-15, -0.4163E-16, -0.1665E-15,  0.1145E-15,  0.9714E-16, -0.1769E-15,  0.3678E-15, -0.3088E-15, -0.5135E-15, -0.2651E-16,  0.1408E-16,   1.000    
 
 rxyz0: 
 
 -0.2571E-04,  0.2571E-04,  -1.920    ,  0.9602    ,  0.9602    ,   1.920    , -0.9602    , -0.9602    
   0.000    ,   0.000    ,   0.000    ,   1.663    ,  -1.663    ,   0.000    ,  -1.663    ,   1.663    
   1.428    ,  -1.428    ,   2.174    ,   2.174    ,   2.174    ,  -2.174    ,  -2.174    ,  -2.174    
 
 sigma2 from ev, modifier = 1
 sigma^2=    5.68781633420811        1.82572908598155     
   1.78191384133723        1.48284848546256        1.23243046945499     
   1.23231949641490        3.20357324404177        3.76006386257637     
   3.68641770421193        2.55509880935556        2.52919431263476     
   2.28701071670171        1.11446992393752        1.07493696472621     
   1.03623880067803        1.04487065703620        1.03790111728434     
   5.35409758572892     
 e0 theory =   7.247224476490839E-002
 Input etot:   -5.69922746240000     
Step     1 of   200--------------------------------
 number of walkers =           99
 et =   -5.67827929030411     
 e0 =   -5.67949008241751     
Step     2 of   200--------------------------------
 number of walkers =           93
 et =   -5.66507452357440     
 e0 =   -5.66699502653125     
Step     3 of   200--------------------------------
 number of walkers =           84
 et =   -5.66009427944818     
 e0 =   -5.66230899287367     
Step     4 of   200--------------------------------
 number of walkers =           75
 et =   -5.65370581170268     
 e0 =   -5.65614156353501     
Step     5 of   200--------------------------------
 number of walkers =           71
 et =   -5.65374737319141     
 e0 =   -5.65617334004487     
Step     6 of   200--------------------------------
 number of walkers =           73
 et =   -5.65169638193323     
 e0 =   -5.65400188573361     
Step     7 of   200--------------------------------
 number of walkers =           69
 et =   -5.64346851932169     
 e0 =   -5.64626066682433     
Step     8 of   200--------------------------------
 number of walkers =           72
 et =   -5.63936167871594     
 e0 =   -5.64219017376874     
Step     9 of   200--------------------------------
 number of walkers =           68
 et =   -5.63941413905576     
 e0 =   -5.64199504982248     
Step    10 of   200--------------------------------
 number of walkers =           63
 et =   -5.62681939878386     
 e0 =   -5.62993539418279     
Step    11 of   200--------------------------------
 number of walkers =           68
 et =   -5.63655264996449     
 e0 =   -5.63921743495840     
Step    12 of   200--------------------------------
 number of walkers =           66
 et =   -5.63082923004896     
 e0 =   -5.63364313578087     
Step    13 of   200--------------------------------
 number of walkers =           64
 et =   -5.62776154063955     
 e0 =   -5.63054823084024     
Step    14 of   200--------------------------------
 number of walkers =           66
 et =   -5.63311300992369     
 e0 =   -5.63566226271063     
Step    15 of   200--------------------------------
 number of walkers =           63
 et =   -5.61742863674599     
 e0 =   -5.62068952743272     
Step    16 of   200--------------------------------
 number of walkers =           64
 et =   -5.61742931714804     
 e0 =   -5.62022737045632     
Step    17 of   200--------------------------------
 number of walkers =           65
 et =   -5.61532695817390     
 e0 =   -5.61824792257581     
Step    18 of   200--------------------------------
 number of walkers =           67
 et =   -5.61209361591789     
 e0 =   -5.61513872276689     
Step    19 of   200--------------------------------
 number of walkers =           65
 et =   -5.61481585395661     
 e0 =   -5.61759563920587     
Step    20 of   200--------------------------------
 number of walkers =           65
 et =   -5.61196216313259     
 e0 =   -5.61486881696670     
Step    21 of   200--------------------------------
 number of walkers =           70
 et =   -5.61687872448405     
 e0 =   -5.61942756911840     
Step    22 of   200--------------------------------
 number of walkers =           69
 et =   -5.61526079770530     
 e0 =   -5.61753349960744     
Step    23 of   200--------------------------------
 number of walkers =           72
 et =   -5.61007108343809     
 e0 =   -5.61246994483751     
Step    24 of   200--------------------------------
 number of walkers =           77
 et =   -5.61801784431128     
 e0 =   -5.62004152632693     
Step    25 of   200--------------------------------
 number of walkers =           74
 et =   -5.62196646418652     
 e0 =   -5.62372155633503     
Step    26 of   200--------------------------------
 number of walkers =           75
 et =   -5.61761329179903     
 e0 =   -5.61933637724598     
Step    27 of   200--------------------------------
 number of walkers =           77
 et =   -5.62100655268558     
 e0 =   -5.62251160188566     
Step    28 of   200--------------------------------
 number of walkers =           76
 et =   -5.61875064306462     
 e0 =   -5.62032861158536     
Step    29 of   200--------------------------------
 number of walkers =           77
 et =   -5.62224017153433     
 e0 =   -5.62357783122375     
Step    30 of   200--------------------------------
 number of walkers =           74
 et =   -5.61848557122560     
 e0 =   -5.62013102493894     
Step    31 of   200--------------------------------
 number of walkers =           78
 et =   -5.62432407258722     
 e0 =   -5.62562979947204     
Step    32 of   200--------------------------------
 number of walkers =           74
 et =   -5.62286624397839     
 e0 =   -5.62424105657126     
Step    33 of   200--------------------------------
 number of walkers =           78
 et =   -5.62757435752812     
 e0 =   -5.62860110703777     
Step    34 of   200--------------------------------
 number of walkers =           78
 et =   -5.62010137262941     
 e0 =   -5.62163943487760     
Step    35 of   200--------------------------------
 number of walkers =           75
 et =   -5.61694562565052     
 e0 =   -5.61866334188138     
Step    36 of   200--------------------------------
 number of walkers =           75
 et =   -5.61955791217253     
 e0 =   -5.62121860687621     
Step    37 of   200--------------------------------
 number of walkers =           76
 et =   -5.61890025054546     
 e0 =   -5.62059792816347     
Step    38 of   200--------------------------------
 number of walkers =           72
 et =   -5.62219254841985     
 e0 =   -5.62366383624667     
Step    39 of   200--------------------------------
 number of walkers =           75
 et =   -5.61638217022863     
 e0 =   -5.61802374569477     
Step    40 of   200--------------------------------
 number of walkers =           73
 et =   -5.61212680629364     
 e0 =   -5.61396687724752     
Step    41 of   200--------------------------------
 number of walkers =           80
 et =   -5.61128037622640     
 e0 =   -5.61328504950143     
Step    42 of   200--------------------------------
 number of walkers =           74
 et =   -5.61496430394688     
 e0 =   -5.61665325427735     
Step    43 of   200--------------------------------
 number of walkers =           78
 et =   -5.61983713243490     
 e0 =   -5.62133140440612     
Step    44 of   200--------------------------------
 number of walkers =           76
 et =   -5.61382270139881     
 e0 =   -5.61552868396182     
Step    45 of   200--------------------------------
 number of walkers =           72
 et =   -5.62133172790564     
 e0 =   -5.62268936984294     
Step    46 of   200--------------------------------
 number of walkers =           71
 et =   -5.61845671872254     
 e0 =   -5.61985900180505     
Step    47 of   200--------------------------------
 number of walkers =           74
 et =   -5.60699622866433     
 e0 =   -5.60898431029273     
Step    48 of   200--------------------------------
 number of walkers =           77
 et =   -5.61679837508025     
 e0 =   -5.61842566718836     
Step    49 of   200--------------------------------
 number of walkers =           76
 et =   -5.61624022517444     
 e0 =   -5.61783715184135     
Step    50 of   200--------------------------------
 number of walkers =           73
 et =   -5.61135277335039     
 e0 =   -5.61324988850989     
Step    51 of   200--------------------------------
 number of walkers =           70
 et =   -5.60680716494570     
 e0 =   -5.60901100736128     
Step    52 of   200--------------------------------
 number of walkers =           77
 et =   -5.61296436311179     
 e0 =   -5.61467840012910     
Step    53 of   200--------------------------------
 number of walkers =           71
 et =   -5.60980114138824     
 e0 =   -5.61198024023311     
Step    54 of   200--------------------------------
 number of walkers =           74
 et =   -5.61295987258602     
 e0 =   -5.61501534429712     
Step    55 of   200--------------------------------
 number of walkers =           72
 et =   -5.61856276833559     
 e0 =   -5.62023976418620     
Step    56 of   200--------------------------------
 number of walkers =           74
 et =   -5.61704411306771     
 e0 =   -5.61867554087712     
Step    57 of   200--------------------------------
 number of walkers =           78
 et =   -5.61528985414224     
 e0 =   -5.61694000159763     
Step    58 of   200--------------------------------
 number of walkers =           74
 et =   -5.61409403116924     
 e0 =   -5.61584867091774     
Step    59 of   200--------------------------------
 number of walkers =           78
 et =   -5.62247401571619     
 e0 =   -5.62398179446559     
Step    60 of   200--------------------------------
 number of walkers =           78
 et =   -5.62336896796024     
 e0 =   -5.62479890296170     
Step    61 of   200--------------------------------
 number of walkers =           75
 et =   -5.62369253964688     
 e0 =   -5.62531178043281     
Step    62 of   200--------------------------------
 number of walkers =           76
 et =   -5.62346309587833     
 e0 =   -5.62496220568160     
Step    63 of   200--------------------------------
 number of walkers =           73
 et =   -5.62486779810671     
 e0 =   -5.62625802231285     
Step    64 of   200--------------------------------
 number of walkers =           72
 et =   -5.62576145021599     
 e0 =   -5.62710521670710     
Step    65 of   200--------------------------------
 number of walkers =           72
 et =   -5.62531038815246     
 e0 =   -5.62664116957252     
Step    66 of   200--------------------------------
 number of walkers =           74
 et =   -5.62080437449262     
 e0 =   -5.62254012175002     
Step    67 of   200--------------------------------
 number of walkers =           79
 et =   -5.63051625050622     
 e0 =   -5.63172967099729     
Step    68 of   200--------------------------------
 number of walkers =           75
 et =   -5.62666542708244     
 e0 =   -5.62813082246231     
Step    69 of   200--------------------------------
 number of walkers =           81
 et =   -5.63001060850487     
 e0 =   -5.63123724531945     
Step    70 of   200--------------------------------
 number of walkers =           75
 et =   -5.62935599550567     
 e0 =   -5.63050913535487     
Step    71 of   200--------------------------------
 number of walkers =           81
 et =   -5.63462730659622     
 e0 =   -5.63546470109163     
Step    72 of   200--------------------------------
 number of walkers =           82
 et =   -5.63354306109305     
 e0 =   -5.63436352605778     
Step    73 of   200--------------------------------
 number of walkers =           78
 et =   -5.62415384702107     
 e0 =   -5.62536815498470     
Step    74 of   200--------------------------------
 number of walkers =           79
 et =   -5.63101197562103     
 e0 =   -5.63201215954745     
Step    75 of   200--------------------------------
 number of walkers =           77
 et =   -5.62734132553447     
 e0 =   -5.62843126235336     
Step    76 of   200--------------------------------
 number of walkers =           76
 et =   -5.62129647978373     
 e0 =   -5.62262673672071     
Step    77 of   200--------------------------------
 number of walkers =           79
 et =   -5.62353877193590     
 e0 =   -5.62459898335531     
Step    78 of   200--------------------------------
 number of walkers =           82
 et =   -5.62131485625118     
 e0 =   -5.62234969240277     
Step    79 of   200--------------------------------
 number of walkers =           80
 et =   -5.62352934665866     
 e0 =   -5.62447172507554     
Step    80 of   200--------------------------------
 number of walkers =           84
 et =   -5.63227960762863     
 e0 =   -5.63269487103472     
Step    81 of   200--------------------------------
 number of walkers =           83
 et =   -5.62718751112926     
 e0 =   -5.62790055841879     
Step    82 of   200--------------------------------
 number of walkers =           77
 et =   -5.61859250403613     
 e0 =   -5.61980108094311     
Step    83 of   200--------------------------------
 number of walkers =           79
 et =   -5.62060289179287     
 e0 =   -5.62174276249589     
Step    84 of   200--------------------------------
 number of walkers =           76
 et =   -5.61838923706940     
 e0 =   -5.61971577811756     
Step    85 of   200--------------------------------
 number of walkers =           78
 et =   -5.61587099222540     
 e0 =   -5.61714574669604     
Step    86 of   200--------------------------------
 number of walkers =           79
 et =   -5.62489055483685     
 e0 =   -5.62590908174695     
Step    87 of   200--------------------------------
 number of walkers =           79
 et =   -5.61731564996090     
 e0 =   -5.61867204273177     
Step    88 of   200--------------------------------
 number of walkers =           80
 et =   -5.62737614735384     
 e0 =   -5.62819252384424     
Step    89 of   200--------------------------------
 number of walkers =           77
 et =   -5.62653826823350     
 e0 =   -5.62739992243653     
Step    90 of   200--------------------------------
 number of walkers =           81
 et =   -5.62286672555327     
 e0 =   -5.62396278078113     
Step    91 of   200--------------------------------
 number of walkers =           76
 et =   -5.62268816106503     
 e0 =   -5.62385921047062     
Step    92 of   200--------------------------------
 number of walkers =           77
 et =   -5.62668410698004     
 e0 =   -5.62766996373112     
Step    93 of   200--------------------------------
 number of walkers =           75
 et =   -5.62811488130778     
 e0 =   -5.62908861166431     
Step    94 of   200--------------------------------
 number of walkers =           77
 et =   -5.63007497018794     
 e0 =   -5.63094829719464     
Step    95 of   200--------------------------------
 number of walkers =           75
 et =   -5.61967278143798     
 e0 =   -5.62101277413600     
Step    96 of   200--------------------------------
 number of walkers =           72
 et =   -5.60883525647374     
 e0 =   -5.61086117548945     
Step    97 of   200--------------------------------
 number of walkers =           76
 et =   -5.61323608482365     
 e0 =   -5.61485468928207     
Step    98 of   200--------------------------------
 number of walkers =           74
 et =   -5.61029594238822     
 e0 =   -5.61205893964821     
Step    99 of   200--------------------------------
 number of walkers =           81
 et =   -5.61034724707230     
 e0 =   -5.61216353499395     
Step   100 of   200--------------------------------
 number of walkers =           74
 et =   -5.61141603724382     
 e0 =   -5.61315049621835     
Step   101 of   200--------------------------------
 number of walkers =           81
 et =   -5.61767539222708     
 e0 =   -5.61901868934494     
Step   102 of   200--------------------------------
 number of walkers =           79
 et =   -5.61707381170338     
 e0 =   -5.61851063192850     
Step   103 of   200--------------------------------
 number of walkers =           79
 et =   -5.61654159937107     
 e0 =   -5.61803690066141     
Step   104 of   200--------------------------------
 number of walkers =           74
 et =   -5.61333483460775     
 e0 =   -5.61484387946649     
Step   105 of   200--------------------------------
 number of walkers =           69
 et =   -5.60801561087265     
 e0 =   -5.60982516887662     
Step   106 of   200--------------------------------
 number of walkers =           73
 et =   -5.60612822761560     
 e0 =   -5.60795549903113     
Step   107 of   200--------------------------------
 number of walkers =           72
 et =   -5.60730442880882     
 e0 =   -5.60890749839272     
Step   108 of   200--------------------------------
 number of walkers =           77
 et =   -5.60676240893826     
 e0 =   -5.60828074508642     
Step   109 of   200--------------------------------
 number of walkers =           79
 et =   -5.60407431539434     
 e0 =   -5.60559173141211     
