SLURM_NTASKS: 1
SLURM_NTASKS_PER_NODE: 1
SLURM_CPUS_PER_TASK: 1
 delta_t =    10.0000000000000     
 hessian: 
 
  0.5519    , -0.4700E-08, -0.1687E-03, -0.8314E-01, -0.1690E-07, -0.4394E-03, -0.2656    ,  0.5749E-06,  0.7790E-01, -0.1035    , -0.9424E-01, -0.3859E-01, -0.1034    ,  0.9424E-01, -0.3859E-01,  0.2556E-02,  0.1219E-04,  0.3280E-01,  0.5897E-03,  0.1051E-02, -0.1645E-01,  0.5996E-03, -0.1039E-02, -0.1646E-01
 -0.6000E-09,  0.5519    , -0.1567E-04, -0.5700E-08, -0.8311E-01, -0.3207E-04, -0.1300E-08, -0.4893E-01,  0.1349E-05, -0.9424E-01, -0.2118    , -0.6669E-01,  0.9424E-01, -0.2118    ,  0.6669E-01, -0.8748E-06,  0.3746E-04,  0.5122E-05,  0.9638E-03,  0.1865E-02, -0.2843E-01, -0.9569E-03,  0.1855E-02,  0.2845E-01
 -0.1649E-03,  0.1400E-07,  0.4881    , -0.4446E-03, -0.4600E-08, -0.2244    ,  0.7783E-01,  0.1187E-05, -0.7598E-01, -0.3855E-01, -0.6662E-01, -0.7528E-01, -0.3855E-01,  0.6662E-01, -0.7528E-01,  0.1624E-02, -0.1728E-05, -0.1254E-01, -0.8722E-03, -0.1449E-02, -0.1236E-01, -0.8744E-03,  0.1451E-02, -0.1237E-01
 -0.8311E-01, -0.4200E-08, -0.4394E-03,  0.5519    , -0.1800E-07, -0.1686E-03,  0.2577E-02,  0.1219E-04,  0.3280E-01,  0.5897E-03,  0.1051E-02, -0.1645E-01,  0.5996E-03, -0.1039E-02, -0.1646E-01, -0.2656    ,  0.5817E-06,  0.7790E-01, -0.1035    , -0.9424E-01, -0.3859E-01, -0.1034    ,  0.9424E-01, -0.3859E-01
 -0.4700E-08, -0.8311E-01, -0.3207E-04,  0.3200E-08,  0.5519    , -0.1568E-04, -0.1400E-08,  0.3746E-04,  0.5123E-05,  0.9638E-03,  0.1865E-02, -0.2843E-01, -0.9569E-03,  0.1855E-02,  0.2845E-01, -0.1507E-06, -0.4892E-01,  0.1343E-05, -0.9424E-01, -0.2118    , -0.6669E-01,  0.9424E-01, -0.2118    ,  0.6669E-01
 -0.4435E-03, -0.1000E-07, -0.2244    , -0.1786E-03,  0.1990E-07,  0.4881    ,  0.1617E-02, -0.1728E-05, -0.1254E-01, -0.8722E-03, -0.1449E-02, -0.1236E-01, -0.8744E-03,  0.1451E-02, -0.1237E-01,  0.7784E-01,  0.1186E-05, -0.7598E-01, -0.3855E-01, -0.6662E-01, -0.7528E-01, -0.3855E-01,  0.6662E-01, -0.7528E-01
 -0.2656    , -0.9800E-08,  0.7782E-01,  0.2542E-02,  0.2500E-07,  0.1614E-02,  0.2788    , -0.2144E-05, -0.8875E-01, -0.9234E-02,  0.3717E-02,  0.5128E-02, -0.9237E-02, -0.3717E-02,  0.5125E-02,  0.1668E-02, -0.5192E-05, -0.7866E-03,  0.5149E-03,  0.6125E-05, -0.8999E-04,  0.5077E-03, -0.1322E-04, -0.8544E-04
  0.2000E-09, -0.4893E-01,  0.1861E-05,  0.1000E-09,  0.3374E-04,  0.3330E-05, -0.1000E-09,  0.4341E-01, -0.1846E-06, -0.2305E-01,  0.1958E-02,  0.9206E-02,  0.2305E-01,  0.1958E-02, -0.9206E-02,  0.8820E-07,  0.1026E-02, -0.5206E-06,  0.4147E-03,  0.2682E-03,  0.2455E-03, -0.4155E-03,  0.2692E-03, -0.2473E-03
  0.7791E-01,  0.3000E-09, -0.7597E-01,  0.3281E-01, -0.9400E-08, -0.1253E-01, -0.8875E-01,  0.9225E-06,  0.8489E-01, -0.1042E-01,  0.1490E-03,  0.2938E-02, -0.1042E-01, -0.1491E-03,  0.2939E-02, -0.7919E-03,  0.1988E-05, -0.5871E-02, -0.1688E-03,  0.2022E-03,  0.1813E-02, -0.1656E-03, -0.1998E-03,  0.1812E-02
 -0.1035    , -0.9424E-01, -0.3854E-01,  0.5862E-03,  0.9501E-03, -0.8654E-03, -0.9237E-02, -0.2305E-01, -0.1042E-01,  0.1027    ,  0.1024    ,  0.4403E-01,  0.7578E-02,  0.1343E-01,  0.5350E-02,  0.5148E-03,  0.4123E-03, -0.1668E-03,  0.1188E-02,  0.2803E-03,  0.3599E-03,  0.1455E-03, -0.2030E-03,  0.2653E-03
 -0.9423E-01, -0.2118    , -0.6659E-01,  0.1044E-02,  0.1830E-02, -0.1427E-02,  0.3717E-02,  0.1959E-02,  0.1477E-03,  0.1024    ,  0.2204    ,  0.7603E-01, -0.1343E-01, -0.1482E-01, -0.8931E-02,  0.1228E-04,  0.2669E-03,  0.1998E-03,  0.2797E-03,  0.1506E-02,  0.6601E-03,  0.1980E-03,  0.6355E-03, -0.4820E-04
 -0.3859E-01, -0.6669E-01, -0.7526E-01, -0.1646E-01, -0.2846E-01, -0.1235E-01,  0.5128E-02,  0.9207E-02,  0.2938E-02,  0.4403E-01,  0.7603E-01,  0.8406E-01,  0.5348E-02,  0.8933E-02,  0.2890E-02, -0.8370E-04,  0.2464E-03,  0.1811E-02,  0.3628E-03,  0.6672E-03, -0.5873E-02,  0.2630E-03,  0.4837E-04,  0.1811E-02
 -0.1035    ,  0.9424E-01, -0.3854E-01,  0.5862E-03, -0.9501E-03, -0.8775E-03, -0.9237E-02,  0.2305E-01, -0.1041E-01,  0.7580E-02, -0.1343E-01,  0.5349E-02,  0.1027    , -0.1024    ,  0.4403E-01,  0.5145E-03, -0.4185E-03, -0.1649E-03,  0.1479E-03,  0.2030E-03,  0.2674E-03,  0.1188E-02, -0.2839E-03,  0.3645E-03
  0.9423E-01, -0.2118    ,  0.6661E-01, -0.1044E-02,  0.1830E-02,  0.1454E-02, -0.3717E-02,  0.1957E-02, -0.1491E-03,  0.1343E-01, -0.1482E-01,  0.8933E-02, -0.1024    ,  0.2204    , -0.7603E-01, -0.1155E-04,  0.2734E-03, -0.2041E-03, -0.2012E-03,  0.6325E-03,  0.4157E-04, -0.2826E-03,  0.1512E-02, -0.6684E-03
 -0.3859E-01,  0.6669E-01, -0.7526E-01, -0.1646E-01,  0.2846E-01, -0.1236E-01,  0.5128E-02, -0.9207E-02,  0.2939E-02,  0.5349E-02, -0.8933E-02,  0.2890E-02,  0.4403E-01, -0.7604E-01,  0.8406E-01, -0.8399E-04, -0.2493E-03,  0.1813E-02,  0.2640E-03, -0.4756E-04,  0.1813E-02,  0.3642E-03, -0.6696E-03, -0.5869E-02
  0.2533E-02,  0.1560E-07,  0.1614E-02, -0.2656    , -0.3000E-09,  0.7782E-01,  0.1649E-02, -0.5191E-05, -0.7866E-03,  0.5149E-03,  0.6123E-05, -0.8999E-04,  0.5077E-03, -0.1321E-04, -0.8545E-04,  0.2788    , -0.2149E-05, -0.8875E-01, -0.9234E-02,  0.3717E-02,  0.5128E-02, -0.9237E-02, -0.3717E-02,  0.5125E-02
  0.4000E-09,  0.3375E-04,  0.3329E-05,  0.1100E-08, -0.4893E-01,  0.1861E-05,  0.2000E-09,  0.1026E-02, -0.5208E-06,  0.4147E-03,  0.2682E-03,  0.2455E-03, -0.4155E-03,  0.2692E-03, -0.2473E-03,  0.2230E-07,  0.4341E-01, -0.1805E-06, -0.2305E-01,  0.1958E-02,  0.9206E-02,  0.2305E-01,  0.1958E-02, -0.9206E-02
  0.3281E-01, -0.5000E-08, -0.1253E-01,  0.7791E-01, -0.3600E-08, -0.7597E-01, -0.7837E-03,  0.1988E-05, -0.5871E-02, -0.1688E-03,  0.2022E-03,  0.1813E-02, -0.1656E-03, -0.1998E-03,  0.1812E-02, -0.8876E-01,  0.9236E-06,  0.8489E-01, -0.1042E-01,  0.1490E-03,  0.2938E-02, -0.1042E-01, -0.1491E-03,  0.2939E-02
  0.5745E-03,  0.9501E-03, -0.8654E-03, -0.1034    , -0.9424E-01, -0.3854E-01,  0.5139E-03,  0.4123E-03, -0.1668E-03,  0.1188E-02,  0.2803E-03,  0.3599E-03,  0.1455E-03, -0.2030E-03,  0.2653E-03, -0.9236E-02, -0.2305E-01, -0.1042E-01,  0.1027    ,  0.1024    ,  0.4403E-01,  0.7578E-02,  0.1343E-01,  0.5350E-02
  0.1030E-02,  0.1830E-02, -0.1427E-02, -0.9423E-01, -0.2118    , -0.6659E-01,  0.1429E-04,  0.2669E-03,  0.1998E-03,  0.2797E-03,  0.1506E-02,  0.6601E-03,  0.1980E-03,  0.6355E-03, -0.4820E-04,  0.3717E-02,  0.1959E-02,  0.1477E-03,  0.1024    ,  0.2204    ,  0.7603E-01, -0.1343E-01, -0.1482E-01, -0.8931E-02
 -0.1647E-01, -0.2846E-01, -0.1235E-01, -0.3859E-01, -0.6669E-01, -0.7526E-01, -0.8186E-04,  0.2464E-03,  0.1811E-02,  0.3628E-03,  0.6672E-03, -0.5873E-02,  0.2630E-03,  0.4838E-04,  0.1811E-02,  0.5127E-02,  0.9207E-02,  0.2938E-02,  0.4403E-01,  0.7603E-01,  0.8406E-01,  0.5348E-02,  0.8933E-02,  0.2890E-02
  0.5745E-03, -0.9501E-03, -0.8775E-03, -0.1034    ,  0.9424E-01, -0.3854E-01,  0.5139E-03, -0.4185E-03, -0.1649E-03,  0.1479E-03,  0.2030E-03,  0.2674E-03,  0.1188E-02, -0.2839E-03,  0.3645E-03, -0.9236E-02,  0.2305E-01, -0.1041E-01,  0.7580E-02, -0.1343E-01,  0.5349E-02,  0.1027    , -0.1024    ,  0.4403E-01
 -0.1030E-02,  0.1830E-02,  0.1454E-02,  0.9423E-01, -0.2118    ,  0.6661E-01, -0.1428E-04,  0.2734E-03, -0.2041E-03, -0.2012E-03,  0.6325E-03,  0.4156E-04, -0.2826E-03,  0.1512E-02, -0.6684E-03, -0.3717E-02,  0.1957E-02, -0.1491E-03,  0.1343E-01, -0.1482E-01,  0.8933E-02, -0.1024    ,  0.2204    , -0.7603E-01
 -0.1647E-01,  0.2846E-01, -0.1236E-01, -0.3859E-01,  0.6669E-01, -0.7526E-01, -0.8186E-04, -0.2493E-03,  0.1813E-02,  0.2640E-03, -0.4756E-04,  0.1813E-02,  0.3642E-03, -0.6696E-03, -0.5869E-02,  0.5127E-02, -0.9207E-02,  0.2939E-02,  0.5349E-02, -0.8933E-02,  0.2890E-02,  0.4403E-01, -0.7604E-01,  0.8406E-01
 
 eigenvalues_full: 
 
 -0.1976E-04
 -0.1026E-04
 -0.8912E-05
 -0.2208E-05
  0.1191E-04
  0.2019E-04
  0.2944E-02
  0.3271E-01
  0.3272E-01
  0.5865E-01
  0.7831E-01
  0.7833E-01
  0.1018    
  0.1018    
  0.1409    
  0.1409    
  0.1560    
  0.2547    
  0.4790    
  0.7530    
  0.7530    
  0.7726    
  0.8444    
  0.8445    
 
 eigenvectors: 
 
  0.4008E-01, -0.9499E-01, -0.1594    , -0.1264E-02,  0.3055    , -0.2060    ,  0.7235E-04, -0.1766E-01, -0.1589    ,  0.3059E-03,  0.1298E-02,  0.2822E-01,  0.1972    ,  0.8139E-01, -0.4781E-02,  0.3028    ,  0.1132E-02, -0.6819E-03, -0.1406E-02,  0.2466    , -0.4931    ,  0.1741E-02,  0.7397E-01, -0.5960    
  0.1684    , -0.1154    ,  0.1147    ,  0.1353E-01, -0.1898    , -0.2843    , -0.4256E-04,  0.1589    , -0.1769E-01,  0.2681E-04, -0.2828E-01,  0.1318E-02,  0.8141E-01, -0.1972    , -0.3028    , -0.4779E-02, -0.1129E-03, -0.9108E-06, -0.6557E-04,  0.4931    ,  0.2466    ,  0.3322E-03, -0.5959    , -0.7396E-01
  0.2823    ,  0.1906    , -0.7562E-01, -0.2725E-01,  0.1469E-01,  0.4819E-01, -0.2547E-04,  0.5593E-04,  0.5241E-03,  0.7500E-01, -0.4755E-05, -0.8707E-04, -0.6047E-03, -0.2775E-03, -0.9460E-04, -0.8877E-03,  0.3844    , -0.2242    , -0.4767    , -0.1211E-02,  0.1309E-02,  0.6664    , -0.1914E-03,  0.1422E-02
 -0.4818E-01,  0.1683    ,  0.1699    , -0.1975E-01,  0.2640    , -0.2055    ,  0.1015E-03, -0.1765E-01, -0.1589    , -0.3086E-03, -0.1311E-02, -0.2823E-01,  0.1972    ,  0.8137E-01,  0.4793E-02, -0.3027    ,  0.1221E-02,  0.6723E-03, -0.1419E-02,  0.2466    , -0.4931    , -0.1630E-02, -0.7397E-01,  0.5959    
 -0.6878E-01,  0.1235    , -0.1475    , -0.5476E-01, -0.2193    , -0.2811    ,  0.6946E-04,  0.1589    , -0.1769E-01,  0.1236E-04,  0.2828E-01, -0.1337E-02,  0.8140E-01, -0.1972    ,  0.3027    ,  0.4802E-02,  0.5627E-04, -0.1860E-04, -0.3499E-04,  0.4931    ,  0.2466    ,  0.4005E-03,  0.5959    ,  0.7396E-01
  0.2826    ,  0.1898    , -0.7666E-01, -0.2721E-01,  0.1480E-01,  0.4817E-01, -0.2289E-04,  0.7096E-04,  0.5202E-03, -0.7500E-01,  0.9455E-05,  0.8853E-04, -0.6070E-03, -0.2893E-03, -0.1036E-03,  0.9753E-03,  0.3844    ,  0.2242    , -0.4766    , -0.3662E-03,  0.1569E-02, -0.6664    ,  0.2334E-03, -0.1431E-02
  0.6328E-01, -0.1642    , -0.2460    ,  0.3587E-02,  0.3165    , -0.2062    ,  0.6849E-04,  0.5200E-02,  0.4672E-01,  0.1111    , -0.4769E-02, -0.1020    ,  0.2856    ,  0.1179    , -0.5523E-02,  0.3565    , -0.3182    ,  0.3760    , -0.2558    , -0.1488    ,  0.2974    ,  0.1141    , -0.3623E-01,  0.2919    
  0.2408    , -0.2435    ,  0.2171    , -0.3693    , -0.1732    , -0.2636    , -0.4083    , -0.6060E-01,  0.6734E-02,  0.1671E-04, -0.4227    ,  0.1983E-01, -0.1720    ,  0.4169    ,  0.2111    ,  0.3268E-02,  0.7173E-04, -0.8029E-05,  0.5636E-05, -0.3087E-01, -0.1545E-01, -0.1848E-04,  0.3211E-01,  0.3993E-02
  0.3415    ,  0.1376E-01, -0.2967    , -0.1485E-01,  0.4268E-01,  0.4778E-01, -0.6042E-04,  0.6154E-01,  0.5537    ,  0.3903    , -0.1768E-01, -0.3782    ,  0.5929E-01,  0.2444E-01,  0.5064E-02, -0.3171    , -0.1272    , -0.9267E-01,  0.1597    ,  0.6147E-01, -0.1228    , -0.7512E-01,  0.8989E-02, -0.7240E-01
  0.7174E-01, -0.2199    , -0.2160    , -0.3436    ,  0.3241    , -0.1875    , -0.3535    ,  0.1447E-01,  0.5496E-01, -0.5366E-01,  0.2393    ,  0.2819    , -0.1159    , -0.4036    , -0.2461    , -0.7225E-01,  0.1584    , -0.1884    ,  0.1286    , -0.1648    ,  0.3986E-01, -0.5735E-01,  0.1007    ,  0.1113    
  0.2250    , -0.1449    ,  0.1661    ,  0.2317    , -0.1866    , -0.2960    ,  0.2041    , -0.4969E-01, -0.1342E-02, -0.9519E-01, -0.4075E-01, -0.2253    ,  0.3494    ,  0.1563E-01, -0.2193    ,  0.2429    ,  0.2751    , -0.3258    ,  0.2220    , -0.2888    ,  0.9338E-04, -0.9898E-01,  0.2132    ,  0.1409    
  0.1145    ,  0.4185    , -0.1174    , -0.7213E-01, -0.1647E-01,  0.5041E-01,  0.1172E-02,  0.4488    , -0.3304    ,  0.3911    , -0.3197    ,  0.2036    , -0.5120E-01,  0.4091E-01, -0.2752    ,  0.1537    , -0.1288    , -0.9085E-01,  0.1585    , -0.1355    ,  0.8075E-02, -0.7463E-01,  0.5723E-01,  0.4318E-01
  0.5427E-01, -0.1070    , -0.2740    ,  0.3506    ,  0.3086    , -0.2250    ,  0.3536    , -0.1993E-02,  0.5682E-01, -0.5365E-01, -0.2119    ,  0.3031    , -0.3668    ,  0.2043    ,  0.2481    , -0.6452E-01,  0.1586    , -0.1884    ,  0.1286    ,  0.6709E-01,  0.1558    , -0.5720E-01, -0.1249    ,  0.8327E-01
  0.2250    , -0.1449    ,  0.1661    ,  0.2317    , -0.1866    , -0.2960    ,  0.2041    , -0.4820E-01,  0.1217E-01,  0.9520E-01, -0.1951E-01,  0.2281    , -0.2587    , -0.2354    , -0.2114    , -0.2497    , -0.2753    ,  0.3258    , -0.2219    , -0.1734    , -0.2312    ,  0.9867E-01,  0.2411    , -0.8447E-01
  0.3906    ,  0.1400    ,  0.1881    ,  0.5177E-02,  0.1782E-01,  0.4648E-01, -0.1211E-02, -0.5105    , -0.2237    ,  0.3910    ,  0.3373    ,  0.1728    , -0.7513E-02, -0.6509E-01,  0.2703    ,  0.1624    , -0.1286    , -0.9088E-01,  0.1585    ,  0.7495E-01,  0.1133    , -0.7448E-01, -0.6604E-01,  0.2788E-01
 -0.7142E-01,  0.2376    ,  0.2565    , -0.2460E-01,  0.2532    , -0.2054    ,  0.1086E-03,  0.5206E-02,  0.4672E-01, -0.1111    ,  0.4791E-02,  0.1020    ,  0.2857    ,  0.1179    ,  0.5712E-02, -0.3565    , -0.3181    , -0.3760    , -0.2558    , -0.1487    ,  0.2975    , -0.1142    ,  0.3624E-01, -0.2918    
 -0.1414    ,  0.2517    , -0.2500    ,  0.3280    , -0.2360    , -0.3022    , -0.4081    , -0.6053E-01,  0.6708E-02,  0.4832E-04,  0.4227    , -0.1979E-01, -0.1721    ,  0.4169    , -0.2111    , -0.3348E-02, -0.3611E-04,  0.1611E-04,  0.2467E-05, -0.3087E-01, -0.1545E-01, -0.2619E-04, -0.3211E-01, -0.3997E-02
  0.2233    ,  0.3665    ,  0.1445    , -0.3961E-01, -0.1299E-01,  0.4844E-01, -0.1270E-04,  0.6158E-01,  0.5537    , -0.3903    ,  0.1772E-01,  0.3782    ,  0.5924E-01,  0.2448E-01, -0.4963E-02,  0.3170    , -0.1273    ,  0.9265E-01,  0.1597    ,  0.6137E-01, -0.1228    ,  0.7515E-01, -0.8998E-02,  0.7240E-01
 -0.7999E-01,  0.2934    ,  0.2264    ,  0.3225    ,  0.2457    , -0.2244    , -0.3534    ,  0.1448E-01,  0.5499E-01,  0.5364E-01, -0.2393    , -0.2819    , -0.1160    , -0.4036    ,  0.2460    ,  0.7232E-01,  0.1585    ,  0.1884    ,  0.1286    , -0.1649    ,  0.3984E-01,  0.5716E-01, -0.1007    , -0.1113    
 -0.1253    ,  0.1530    , -0.1989    , -0.2729    , -0.2227    , -0.2694    ,  0.2042    , -0.4966E-01, -0.1334E-02,  0.9521E-01,  0.4079E-01,  0.2252    ,  0.3495    ,  0.1558E-01,  0.2192    , -0.2427    ,  0.2753    ,  0.3258    ,  0.2220    , -0.2890    ,  0.5869E-04,  0.9862E-01, -0.2132    , -0.1409    
  0.4503    , -0.3829E-01, -0.3483E-01,  0.1770E-01,  0.4605E-01,  0.4636E-01,  0.1012E-02,  0.4488    , -0.3304    , -0.3910    ,  0.3197    , -0.2036    , -0.5125E-01,  0.4091E-01,  0.2753    , -0.1538    , -0.1286    ,  0.9083E-01,  0.1585    , -0.1356    ,  0.8047E-02,  0.7447E-01, -0.5724E-01, -0.4318E-01
 -0.6221E-01,  0.1802    ,  0.2845    , -0.3716    ,  0.2609    , -0.1866    ,  0.3537    , -0.1985E-02,  0.5683E-01,  0.5368E-01,  0.2118    , -0.3030    , -0.3669    ,  0.2044    , -0.2482    ,  0.6448E-01,  0.1584    ,  0.1884    ,  0.1286    ,  0.6702E-01,  0.1558    ,  0.5734E-01,  0.1249    , -0.8327E-01
 -0.1253    ,  0.1529    , -0.1989    , -0.2729    , -0.2226    , -0.2694    ,  0.2042    , -0.4816E-01,  0.1217E-01, -0.9517E-01,  0.1947E-01, -0.2280    , -0.2588    , -0.2354    ,  0.2115    ,  0.2496    , -0.2752    , -0.3258    , -0.2219    , -0.1732    , -0.2312    , -0.9898E-01, -0.2411    ,  0.8446E-01
  0.1742    ,  0.2403    , -0.3404    , -0.5964E-01,  0.1148E-01,  0.4976E-01, -0.1085E-02, -0.5104    , -0.2238    , -0.3910    , -0.3373    , -0.1728    , -0.7468E-02, -0.6508E-01, -0.2702    , -0.1624    , -0.1287    ,  0.9088E-01,  0.1585    ,  0.7485E-01,  0.1133    ,  0.7462E-01,  0.6603E-01, -0.2788E-01
 
 delta(i,j): 
 
   1.000    , -0.1943E-15, -0.4163E-16,  0.9021E-16,  0.8240E-17, -0.1336E-15, -0.7782E-16,  0.3608E-15, -0.1388E-16, -0.1804E-15, -0.9021E-16, -0.4025E-15, -0.1401E-15,  0.1388E-16,  0.2567E-15, -0.2498E-15, -0.6939E-16,  0.4857E-16,  0.3955E-15, -0.2325E-15, -0.2776E-16, -0.6765E-16,  0.2949E-16, -0.9454E-16
 -0.1943E-15,   1.000    ,  0.1527E-15,  0.2290E-15,  0.3730E-16, -0.1388E-16,  0.1990E-16,  0.1388E-15, -0.3469E-16, -0.2220E-15,  0.1943E-15, -0.9021E-16,  0.1605E-15, -0.2082E-16,   0.000    , -0.1110E-15, -0.5204E-16,  0.1804E-15,  0.2082E-15,  0.3469E-17, -0.1353E-15,  0.9368E-16, -0.3469E-16,  0.2689E-16
 -0.4163E-16,  0.1527E-15,   1.000    , -0.3920E-15, -0.1067E-15,  0.3192E-15,  0.1768E-15,  0.1110E-15, -0.6939E-16,  0.3053E-15,  0.1804E-15,  0.9714E-16, -0.2125E-16,  0.5551E-16, -0.1804E-15,  0.1457E-15, -0.1041E-15, -0.3469E-16,  0.1943E-15,  0.6939E-17,  0.1388E-16,  0.4857E-16, -0.2186E-15,  0.1891E-15
  0.9021E-16,  0.2290E-15, -0.3920E-15,   1.000    , -0.2027E-15, -0.2342E-16,  0.1897E-15,  0.1561E-15,  0.2429E-16,  0.1735E-16, -0.3123E-16,  0.1023E-15,  0.8619E-16,  0.2255E-15,  0.8327E-16, -0.9194E-16, -0.3287E-15, -0.5464E-16, -0.9888E-16, -0.9107E-16,  0.2802E-15,  0.1154E-15,  0.1388E-16, -0.1171E-16
  0.8240E-17,  0.3730E-16, -0.1067E-15, -0.2027E-15,   1.000    , -0.8468E-16,  0.3449E-15,   0.000    ,  0.3253E-16,  0.1136E-15,  0.3500E-15,  0.4293E-16,  0.4189E-15, -0.2642E-15, -0.1947E-15, -0.3196E-15, -0.8847E-16,  0.1344E-15, -0.1707E-15, -0.9649E-17, -0.1895E-15,  0.2016E-15, -0.1079E-15,  0.1110E-15
 -0.1336E-15, -0.1388E-16,  0.3192E-15, -0.2342E-16, -0.8468E-16,   1.000    , -0.1561E-15,  0.8674E-16, -0.8674E-17,  0.7633E-16,  0.1388E-15,  0.1475E-15,  0.2792E-16, -0.3096E-15, -0.1544E-15,  0.4684E-16, -0.1353E-15,  0.2758E-15, -0.7112E-16,  0.1193E-15,  0.9021E-16, -0.9888E-16, -0.7112E-16,  0.1453E-16
 -0.7782E-16,  0.1990E-16,  0.1768E-15,  0.1897E-15,  0.3449E-15, -0.1561E-15,   1.000    , -0.3730E-16, -0.9991E-16, -0.5703E-16,  0.1458E-15, -0.5426E-16,  0.1717E-15, -0.2688E-15, -0.9861E-16,  0.4264E-16,  0.1667E-15, -0.2346E-15,  0.1006E-15, -0.1057E-15, -0.4125E-16, -0.2249E-15, -0.1109E-16, -0.4934E-16
  0.3608E-15,  0.1388E-15,  0.1110E-15,  0.1561E-15,   0.000    ,  0.8674E-16, -0.3730E-16,   1.000    , -0.3747E-15,   0.000    ,  0.3053E-15, -0.1665E-15, -0.5855E-16, -0.9714E-16,  0.2498E-15,  0.2914E-15, -0.1527E-15,  0.1180E-15,  0.2220E-15,  0.7633E-16, -0.4857E-16,  0.9021E-16, -0.1041E-15,  0.1214E-16
 -0.1388E-16, -0.3469E-16, -0.6939E-16,  0.2429E-16,  0.3253E-16, -0.8674E-17, -0.9991E-16, -0.3747E-15,   1.000    ,  0.3053E-15, -0.4163E-16, -0.2359E-15,  0.9302E-16, -0.5204E-16,  0.4094E-15, -0.1041E-15,  0.3990E-15,  0.3678E-15, -0.5551E-16, -0.1006E-15,  0.5551E-16, -0.1180E-15,  0.1544E-15,  0.1535E-15
 -0.1804E-15, -0.2220E-15,  0.3053E-15,  0.1735E-16,  0.1136E-15,  0.7633E-16, -0.5703E-16,   0.000    ,  0.3053E-15,   1.000    , -0.1943E-15,  0.1388E-15, -0.2121E-15, -0.3886E-15,   0.000    ,  0.2914E-15, -0.5551E-16, -0.2776E-15, -0.1457E-15, -0.1457E-15,  0.6245E-16, -0.1700E-15,  0.4163E-16,  0.1735E-16
 -0.9021E-16,  0.1943E-15,  0.1804E-15, -0.3123E-16,  0.3500E-15,  0.1388E-15,  0.1458E-15,  0.3053E-15, -0.4163E-16, -0.1943E-15,   1.000    ,  0.8882E-15,  0.1336E-15,  0.4857E-16,   0.000    , -0.2290E-15, -0.1388E-16, -0.2429E-15,  0.1874E-15, -0.5551E-16, -0.2151E-15,  0.3469E-16,  0.1665E-15, -0.2272E-15
 -0.4025E-15, -0.9021E-16,  0.9714E-16,  0.1023E-15,  0.4293E-16,  0.1475E-15, -0.5426E-16, -0.1665E-15, -0.2359E-15,  0.1388E-15,  0.8882E-15,   1.000    ,  0.3539E-15, -0.7286E-16,  0.2151E-15, -0.1041E-16,  0.2463E-15, -0.1735E-16,  0.1943E-15,  0.2776E-16, -0.1110E-15,  0.4684E-16, -0.1214E-16, -0.1050E-15
 -0.1401E-15,  0.1605E-15, -0.2125E-16,  0.8619E-16,  0.4189E-15,  0.2792E-16,  0.1717E-15, -0.5855E-16,  0.9302E-16, -0.2121E-15,  0.1336E-15,  0.3539E-15,   1.000    , -0.6798E-16,  0.2732E-16,  0.2255E-16,  0.1168E-15, -0.3182E-15,  0.8110E-16,  0.5952E-16,  0.5475E-16,  0.7253E-16, -0.9953E-16, -0.2460E-15
  0.1388E-16, -0.2082E-16,  0.5551E-16,  0.2255E-15, -0.2642E-15, -0.3096E-15, -0.2688E-15, -0.9714E-16, -0.5204E-16, -0.3886E-15,  0.4857E-16, -0.7286E-16, -0.6798E-16,   1.000    ,  0.1908E-15,  0.1041E-16, -0.6939E-16,  0.1735E-17, -0.6592E-16,  0.1735E-16, -0.1908E-15, -0.1475E-16,  0.1379E-15, -0.1288E-15
  0.2567E-15,   0.000    , -0.1804E-15,  0.8327E-16, -0.1947E-15, -0.1544E-15, -0.9861E-16,  0.2498E-15,  0.4094E-15,   0.000    ,   0.000    ,  0.2151E-15,  0.2732E-16,  0.1908E-15,   1.000    , -0.6939E-16,  0.1041E-15,  0.2776E-15,  0.4163E-16,  0.1492E-15,  0.4857E-16, -0.6592E-16,  0.2984E-15, -0.6158E-16
 -0.2498E-15, -0.1110E-15,  0.1457E-15, -0.9194E-16, -0.3196E-15,  0.4684E-16,  0.4264E-16,  0.2914E-15, -0.1041E-15,  0.2914E-15, -0.2290E-15, -0.1041E-16,  0.2255E-16,  0.1041E-16, -0.6939E-16,   1.000    ,  0.4684E-15,  0.1457E-15,  0.6245E-16, -0.1336E-15, -0.5204E-16, -0.4562E-15,  0.1023E-15,  0.1154E-15
 -0.6939E-16, -0.5204E-16, -0.1041E-15, -0.3287E-15, -0.8847E-16, -0.1353E-15,  0.1667E-15, -0.1527E-15,  0.3990E-15, -0.5551E-16, -0.1388E-16,  0.2463E-15,  0.1168E-15, -0.6939E-16,  0.1041E-15,  0.4684E-15,   1.000    ,  0.8674E-16,  0.4788E-15,  0.3313E-15,  0.8674E-16,  0.2429E-15,  0.5551E-16,  0.5074E-16
  0.4857E-16,  0.1804E-15, -0.3469E-16, -0.5464E-16,  0.1344E-15,  0.2758E-15, -0.2346E-15,  0.1180E-15,  0.3678E-15, -0.2776E-15, -0.2429E-15, -0.1735E-16, -0.3182E-15,  0.1735E-17,  0.2776E-15,  0.1457E-15,  0.8674E-16,   1.000    ,  0.2776E-15,  0.3391E-15,  0.1544E-15, -0.6262E-15, -0.1188E-15, -0.2966E-15
  0.3955E-15,  0.2082E-15,  0.1943E-15, -0.9888E-16, -0.1707E-15, -0.7112E-16,  0.1006E-15,  0.2220E-15, -0.5551E-16, -0.1457E-15,  0.1874E-15,  0.1943E-15,  0.8110E-16, -0.6592E-16,  0.4163E-16,  0.6245E-16,  0.4788E-15,  0.2776E-15,   1.000    ,  0.2082E-16, -0.1353E-15,  0.1076E-15,  0.6939E-16, -0.2359E-15
 -0.2325E-15,  0.3469E-17,  0.6939E-17, -0.9107E-16, -0.9649E-17,  0.1193E-15, -0.1057E-15,  0.7633E-16, -0.1006E-15, -0.1457E-15, -0.5551E-16,  0.2776E-16,  0.5952E-16,  0.1735E-16,  0.1492E-15, -0.1336E-15,  0.3313E-15,  0.3391E-15,  0.2082E-16,   1.000    , -0.8743E-15,  0.1587E-15, -0.1683E-15,  0.3708E-15
 -0.2776E-16, -0.1353E-15,  0.1388E-16,  0.2802E-15, -0.1895E-15,  0.9021E-16, -0.4125E-16, -0.4857E-16,  0.5551E-16,  0.6245E-16, -0.2151E-15, -0.1110E-15,  0.5475E-16, -0.1908E-15,  0.4857E-16, -0.5204E-16,  0.8674E-16,  0.1544E-15, -0.1353E-15, -0.8743E-15,   1.000    , -0.2602E-16,  0.1076E-15,  0.7373E-16
 -0.6765E-16,  0.9368E-16,  0.4857E-16,  0.1154E-15,  0.2016E-15, -0.9888E-16, -0.2249E-15,  0.9021E-16, -0.1180E-15, -0.1700E-15,  0.3469E-16,  0.4684E-16,  0.7253E-16, -0.1475E-16, -0.6592E-16, -0.4562E-15,  0.2429E-15, -0.6262E-15,  0.1076E-15,  0.1587E-15, -0.2602E-16,   1.000    , -0.3730E-16, -0.2697E-15
  0.2949E-16, -0.3469E-16, -0.2186E-15,  0.1388E-16, -0.1079E-15, -0.7112E-16, -0.1109E-16, -0.1041E-15,  0.1544E-15,  0.4163E-16,  0.1665E-15, -0.1214E-16, -0.9953E-16,  0.1379E-15,  0.2984E-15,  0.1023E-15,  0.5551E-16, -0.1188E-15,  0.6939E-16, -0.1683E-15,  0.1076E-15, -0.3730E-16,   1.000    ,  0.4604E-15
 -0.9454E-16,  0.2689E-16,  0.1891E-15, -0.1171E-16,  0.1110E-15,  0.1453E-16, -0.4934E-16,  0.1214E-16,  0.1535E-15,  0.1735E-16, -0.2272E-15, -0.1050E-15, -0.2460E-15, -0.1288E-15, -0.6158E-16,  0.1154E-15,  0.5074E-16, -0.2966E-15, -0.2359E-15,  0.3708E-15,  0.7373E-16, -0.2697E-15,  0.4604E-15,   1.000    
 
 Input in Angstroem
 Free boundary conditions
 Reading input file completed
 rxyz0: 
 
   0.000    ,   0.000    ,  -1.927    ,  0.9633    ,  0.9633    ,   1.927    , -0.9633    , -0.9633    
   0.000    ,   0.000    ,   0.000    ,   1.668    ,  -1.668    ,   0.000    ,  -1.668    ,   1.668    
   1.452    ,  -1.452    ,   2.188    ,   2.188    ,   2.188    ,  -2.188    ,  -2.188    ,  -2.188    
 
 sigma2 from ev, modifier = 1
 sigma^2=   0.132288958170202       3.908822496461677E-002
  3.815208777975358E-002  2.849412603264654E-002  2.463526077943398E-002
  2.463408414305312E-002  6.307989489639161E-002  7.568681429187817E-002
  6.432201894322605E-002  4.458160676885825E-002  4.238094997677481E-002
  2.998999700795976E-002  2.107982030476167E-002  1.630496392305043E-002
  1.630510744446714E-002  1.623182248799653E-002  1.552617672753621E-002
  8.009194721914130E-002
 e0 theory =    4.32544272784820     
 Input etot:   -5.69889163000000     
Step     1 of   200--------------------------------
 number of walkers =          100
 et =   -5.69494801965000     
 e0 =   -5.69920015335083     
Step     2 of   200--------------------------------
 number of walkers =          100
 et =   -5.69143413190500     
 e0 =   -5.69920015335083     
Step     3 of   200--------------------------------
 number of walkers =          100
 et =   -5.68733569328000     
 e0 =   -5.69920015335083     
Step     4 of   200--------------------------------
 number of walkers =           99
 et =   -5.68374115400303     
 e0 =   -5.69920015335083     
Step     5 of   200--------------------------------
 number of walkers =           97
 et =   -5.67899275885979     
 e0 =   -5.69920015335083     
Step     6 of   200--------------------------------
 number of walkers =           94
 et =   -5.67469393807021     
 e0 =   -5.69920015335083     
Step     7 of   200--------------------------------
 number of walkers =           89
 et =   -5.67128768486966     
 e0 =   -5.69920015335083     
Step     8 of   200--------------------------------
 number of walkers =           85
 et =   -5.66749168132471     
 e0 =   -5.69920015335083     
Step     9 of   200--------------------------------
 number of walkers =           81
 et =   -5.66309910737037     
 e0 =   -5.69920015335083     
Step    10 of   200--------------------------------
 number of walkers =           81
 et =   -5.65962988548889     
 e0 =   -5.69920015335083     
Step    11 of   200--------------------------------
 number of walkers =           76
 et =   -5.65561700080790     
 e0 =   -5.69920015335083     
Step    12 of   200--------------------------------
 number of walkers =           80
 et =   -5.65501002808500     
 e0 =   -5.69920015335083     
Step    13 of   200--------------------------------
 number of walkers =           78
 et =   -5.65435959912436     
 e0 =   -5.69920015335083     
Step    14 of   200--------------------------------
 number of walkers =           77
 et =   -5.65031611178312     
 e0 =   -5.69920015335083     
Step    15 of   200--------------------------------
 number of walkers =           80
 et =   -5.65230209959000     
 e0 =   -5.69920015335083     
Step    16 of   200--------------------------------
 number of walkers =           81
 et =   -5.65259890959877     
 e0 =   -5.69920015335083     
Step    17 of   200--------------------------------
 number of walkers =           82
 et =   -5.65284200114146     
 e0 =   -5.69920015335083     
Step    18 of   200--------------------------------
 number of walkers =           85
 et =   -5.65349848802000     
 e0 =   -5.69920015335083     
Step    19 of   200--------------------------------
 number of walkers =           87
 et =   -5.65447661824253     
 e0 =   -5.69920015335083     
Step    20 of   200--------------------------------
 number of walkers =           87
 et =   -5.65356136561035     
 e0 =   -5.69920015335083     
Step    21 of   200--------------------------------
 number of walkers =           87
 et =   -5.65061570231494     
 e0 =   -5.69920015335083     
Step    22 of   200--------------------------------
 number of walkers =           95
 et =   -5.65278431697369     
 e0 =   -5.69920015335083     
Step    23 of   200--------------------------------
 number of walkers =           93
 et =   -5.65236339424408     
 e0 =   -5.69920015335083     
Step    24 of   200--------------------------------
 number of walkers =           96
 et =   -5.65104917593750     
 e0 =   -5.69920015335083     
Step    25 of   200--------------------------------
 number of walkers =           96
 et =   -5.64941743326458     
 e0 =   -5.69920015335083     
Step    26 of   200--------------------------------
 number of walkers =          100
 et =   -5.65087736617800     
 e0 =   -5.69920015335083     
Step    27 of   200--------------------------------
 number of walkers =           99
 et =   -5.65217623255454     
 e0 =   -5.69920015335083     
Step    28 of   200--------------------------------
 number of walkers =          102
 et =   -5.65186176514510     
 e0 =   -5.69920015335083     
Step    29 of   200--------------------------------
 number of walkers =          103
 et =   -5.65217122101262     
 e0 =   -5.69920015335083     
Step    30 of   200--------------------------------
 number of walkers =          107
 et =   -5.65224730668785     
 e0 =   -5.69920015335083     
Step    31 of   200--------------------------------
 number of walkers =          109
 et =   -5.65158288262110     
 e0 =   -5.69920015335083     
Step    32 of   200--------------------------------
 number of walkers =          112
 et =   -5.65084424364375     
 e0 =   -5.69920015335083     
Step    33 of   200--------------------------------
 number of walkers =          115
 et =   -5.65287103834000     
 e0 =   -5.69920015335083     
Step    34 of   200--------------------------------
 number of walkers =          117
 et =   -5.65324400209744     
 e0 =   -5.69920015335083     
Step    35 of   200--------------------------------
 number of walkers =          115
 et =   -5.65239097782000     
 e0 =   -5.69920015335083     
Step    36 of   200--------------------------------
 number of walkers =          117
 et =   -5.65276957353761     
 e0 =   -5.69920015335083     
Step    37 of   200--------------------------------
 number of walkers =          114
 et =   -5.65202850959035     
 e0 =   -5.69920015335083     
Step    38 of   200--------------------------------
 number of walkers =          113
 et =   -5.65353624474513     
 e0 =   -5.69920015335083     
Step    39 of   200--------------------------------
 number of walkers =          120
 et =   -5.65326278909083     
 e0 =   -5.69920015335083     
Step    40 of   200--------------------------------
 number of walkers =          116
 et =   -5.65217937339397     
 e0 =   -5.69920015335083     
Step    41 of   200--------------------------------
 number of walkers =          117
 et =   -5.65074520366837     
 e0 =   -5.69920015335083     
Step    42 of   200--------------------------------
 number of walkers =          115
 et =   -5.64859394590000     
 e0 =   -5.69920015335083     
Step    43 of   200--------------------------------
 number of walkers =          119
 et =   -5.65176686930756     
 e0 =   -5.69920015335083     
Step    44 of   200--------------------------------
 number of walkers =          121
 et =   -5.65245034128264     
 e0 =   -5.69920015335083     
Step    45 of   200--------------------------------
 number of walkers =          119
 et =   -5.65032026577647     
 e0 =   -5.69920015335083     
Step    46 of   200--------------------------------
 number of walkers =          119
 et =   -5.65010840194790     
 e0 =   -5.69920015335083     
Step    47 of   200--------------------------------
 number of walkers =          122
 et =   -5.65128906211065     
 e0 =   -5.69920015335083     
Step    48 of   200--------------------------------
 number of walkers =          119
 et =   -5.64991558406554     
 e0 =   -5.69920015335083     
Step    49 of   200--------------------------------
 number of walkers =          112
 et =   -5.64845139440268     
 e0 =   -5.69920015335083     
Step    50 of   200--------------------------------
 number of walkers =          115
 et =   -5.65008316848087     
 e0 =   -5.69920015335083     
Step    51 of   200--------------------------------
 number of walkers =          119
 et =   -5.65036933305042     
 e0 =   -5.69920015335083     
Step    52 of   200--------------------------------
 number of walkers =          118
 et =   -5.65270403503898     
 e0 =   -5.69920015335083     
Step    53 of   200--------------------------------
 number of walkers =          118
 et =   -5.65242318701865     
 e0 =   -5.69920015335083     
Step    54 of   200--------------------------------
 number of walkers =          124
 et =   -5.65299963852662     
 e0 =   -5.69920015335083     
Step    55 of   200--------------------------------
 number of walkers =          122
 et =   -5.65181172527377     
 e0 =   -5.69920015335083     
Step    56 of   200--------------------------------
 number of walkers =          117
 et =   -5.65031299355384     
 e0 =   -5.69920015335083     
Step    57 of   200--------------------------------
 number of walkers =          113
 et =   -5.64707336275575     
 e0 =   -5.69920015335083     
Step    58 of   200--------------------------------
 number of walkers =          124
 et =   -5.64919899279113     
 e0 =   -5.69920015335083     
Step    59 of   200--------------------------------
 number of walkers =          118
 et =   -5.64757493045763     
 e0 =   -5.69920015335083     
Step    60 of   200--------------------------------
 number of walkers =          118
 et =   -5.64839317026441     
 e0 =   -5.69920015335083     
Step    61 of   200--------------------------------
 number of walkers =          119
 et =   -5.64781542559832     
 e0 =   -5.69920015335083     
Step    62 of   200--------------------------------
 number of walkers =          116
 et =   -5.64545270055604     
 e0 =   -5.69920015335083     
Step    63 of   200--------------------------------
 number of walkers =          116
 et =   -5.64455723598966     
 e0 =   -5.69920015335083     
Step    64 of   200--------------------------------
 number of walkers =          119
 et =   -5.64686496770672     
 e0 =   -5.69920015335083     
Step    65 of   200--------------------------------
 number of walkers =          124
 et =   -5.64690817317178     
 e0 =   -5.69920015335083     
Step    66 of   200--------------------------------
 number of walkers =          114
 et =   -5.64378035602105     
 e0 =   -5.69920015335083     
Step    67 of   200--------------------------------
 number of walkers =          116
 et =   -5.64553921411896     
 e0 =   -5.69920015335083     
Step    68 of   200--------------------------------
 number of walkers =          121
 et =   -5.64617112813636     
 e0 =   -5.69920015335083     
Step    69 of   200--------------------------------
 number of walkers =          115
 et =   -5.64545549489391     
 e0 =   -5.69920015335083     
Step    70 of   200--------------------------------
 number of walkers =          116
 et =   -5.64632191609483     
 e0 =   -5.69920015335083     
Step    71 of   200--------------------------------
 number of walkers =          118
 et =   -5.64646307700848     
 e0 =   -5.69920015335083     
Step    72 of   200--------------------------------
 number of walkers =          114
 et =   -5.64538457168158     
 e0 =   -5.69920015335083     
Step    73 of   200--------------------------------
 number of walkers =          123
 et =   -5.64907866033578     
 e0 =   -5.69920015335083     
Step    74 of   200--------------------------------
 number of walkers =          121
 et =   -5.64716945471323     
 e0 =   -5.69920015335083     
Step    75 of   200--------------------------------
 number of walkers =          120
 et =   -5.64522671784500     
 e0 =   -5.69920015335083     
Step    76 of   200--------------------------------
 number of walkers =          121
 et =   -5.64492695509008     
 e0 =   -5.69920015335083     
Step    77 of   200--------------------------------
 number of walkers =          123
 et =   -5.64443806409269     
 e0 =   -5.69920015335083     
Step    78 of   200--------------------------------
 number of walkers =          128
 et =   -5.64504293273593     
 e0 =   -5.69920015335083     
Step    79 of   200--------------------------------
 number of walkers =          123
 et =   -5.64526745969675     
 e0 =   -5.69920015335083     
Step    80 of   200--------------------------------
 number of walkers =          124
 et =   -5.64750740302177     
 e0 =   -5.69920015335083     
Step    81 of   200--------------------------------
 number of walkers =          121
 et =   -5.64931684207355     
 e0 =   -5.69920015335083     
Step    82 of   200--------------------------------
 number of walkers =          121
 et =   -5.64997347472645     
 e0 =   -5.69920015335083     
Step    83 of   200--------------------------------
 number of walkers =          121
 et =   -5.65042584453306     
 e0 =   -5.69920015335083     
Step    84 of   200--------------------------------
 number of walkers =          127
 et =   -5.65189712762599     
 e0 =   -5.69920015335083     
Step    85 of   200--------------------------------
 number of walkers =          127
 et =   -5.65412228430551     
 e0 =   -5.69920015335083     
Step    86 of   200--------------------------------
 number of walkers =          128
 et =   -5.65195746668672     
 e0 =   -5.69920015335083     
Step    87 of   200--------------------------------
 number of walkers =          130
 et =   -5.65068211088692     
 e0 =   -5.69920015335083     
Step    88 of   200--------------------------------
 number of walkers =          124
 et =   -5.64928909365806     
 e0 =   -5.69920015335083     
Step    89 of   200--------------------------------
 number of walkers =          126
 et =   -5.64961171085476     
 e0 =   -5.69920015335083     
Step    90 of   200--------------------------------
 number of walkers =          121
 et =   -5.64647495096364     
 e0 =   -5.69920015335083     
Step    91 of   200--------------------------------
 number of walkers =          116
 et =   -5.64599206670517     
 e0 =   -5.69920015335083     
Step    92 of   200--------------------------------
 number of walkers =          117
 et =   -5.64547961148547     
 e0 =   -5.69920015335083     
Step    93 of   200--------------------------------
 number of walkers =          115
 et =   -5.64384620292000     
 e0 =   -5.69920015335083     
Step    94 of   200--------------------------------
 number of walkers =          115
 et =   -5.64438699732870     
 e0 =   -5.69920015335083     
Step    95 of   200--------------------------------
 number of walkers =          115
 et =   -5.64477048494087     
 e0 =   -5.69920015335083     
Step    96 of   200--------------------------------
 number of walkers =          124
 et =   -5.64551404806048     
 e0 =   -5.69920015335083     
Step    97 of   200--------------------------------
 number of walkers =          121
 et =   -5.64477754243636     
 e0 =   -5.69920015335083     
Step    98 of   200--------------------------------
 number of walkers =          121
 et =   -5.64374087796033     
 e0 =   -5.69920015335083     
Step    99 of   200--------------------------------
 number of walkers =          121
 et =   -5.64421616964215     
 e0 =   -5.69920015335083     
Step   100 of   200--------------------------------
 number of walkers =          126
 et =   -5.64633528895397     
 e0 =   -5.69920015335083     
Step   101 of   200--------------------------------
 number of walkers =          122
 et =   -5.64601062881885     
 e0 =   -5.69920015335083     
Step   102 of   200--------------------------------
 number of walkers =          119
 et =   -5.64403525758908     
 e0 =   -5.69920015335083     
Step   103 of   200--------------------------------
 number of walkers =          118
 et =   -5.64492681571525     
 e0 =   -5.69920015335083     
Step   104 of   200--------------------------------
 number of walkers =          119
 et =   -5.64580196430336     
 e0 =   -5.69920015335083     
Step   105 of   200--------------------------------
 number of walkers =          119
 et =   -5.64634476928823     
 e0 =   -5.69920015335083     
Step   106 of   200--------------------------------
 number of walkers =          117
 et =   -5.64538261077350     
 e0 =   -5.69920015335083     
Step   107 of   200--------------------------------
 number of walkers =          118
 et =   -5.64365614072542     
 e0 =   -5.69920015335083     
Step   108 of   200--------------------------------
 number of walkers =          116
 et =   -5.64391788769483     
 e0 =   -5.69920015335083     
Step   109 of   200--------------------------------
 number of walkers =          119
