SLURM_NTASKS: 1
SLURM_NTASKS_PER_NODE: 1
SLURM_CPUS_PER_TASK: 1
 Input in Angstroem
 Free boundary conditions
 Reading input file completed
 hessian: 
 
  0.2502E-04,   0.000    ,   0.000    , -0.3767E-05,   0.000    ,   0.000    , -0.4164E-04,   0.000    ,  0.1211E-04, -0.1616E-04, -0.1470E-04, -0.6053E-05, -0.1616E-04,  0.1470E-04, -0.6053E-05,  0.3798E-06,   0.000    ,  0.5137E-05,  0.9788E-07,  0.1605E-06, -0.2568E-05,  0.9788E-07, -0.1605E-06, -0.2568E-05
   0.000    ,  0.2501E-04,   0.000    ,   0.000    , -0.3766E-05,   0.000    ,   0.000    , -0.7666E-05,   0.000    , -0.1471E-04, -0.3314E-04, -0.1048E-04,  0.1471E-04, -0.3314E-04,  0.1048E-04,   0.000    ,  0.7830E-08,   0.000    ,  0.1644E-06,  0.2819E-06, -0.4448E-05, -0.1644E-06,  0.2819E-06,  0.4448E-05
   0.000    ,   0.000    ,  0.2209E-04,   0.000    ,   0.000    , -0.1013E-04,  0.1209E-04,   0.000    , -0.1183E-04, -0.6041E-05, -0.1046E-04, -0.1183E-04, -0.6041E-05,  0.1046E-04, -0.1183E-04,  0.2623E-06,   0.000    , -0.1942E-05, -0.1292E-06, -0.2232E-06, -0.1942E-05, -0.1292E-06,  0.2232E-06, -0.1942E-05
 -0.3767E-05,   0.000    ,   0.000    ,  0.2502E-04,   0.000    ,   0.000    ,  0.3798E-06,   0.000    ,  0.5137E-05,  0.9788E-07,  0.1605E-06, -0.2568E-05,  0.9788E-07, -0.1605E-06, -0.2568E-05, -0.4164E-04,   0.000    ,  0.1211E-04, -0.1616E-04, -0.1470E-04, -0.6053E-05, -0.1616E-04,  0.1470E-04, -0.6053E-05
   0.000    , -0.3766E-05,   0.000    ,   0.000    ,  0.2501E-04,   0.000    ,   0.000    ,  0.7830E-08,   0.000    ,  0.1644E-06,  0.2819E-06, -0.4448E-05, -0.1644E-06,  0.2819E-06,  0.4448E-05,   0.000    , -0.7666E-05,   0.000    , -0.1471E-04, -0.3314E-04, -0.1048E-04,  0.1471E-04, -0.3314E-04,  0.1048E-04
   0.000    ,   0.000    , -0.1013E-04,   0.000    ,   0.000    ,  0.2209E-04,  0.2623E-06,   0.000    , -0.1942E-05, -0.1292E-06, -0.2232E-06, -0.1942E-05, -0.1292E-06,  0.2232E-06, -0.1942E-05,  0.1209E-04,   0.000    , -0.1183E-04, -0.6041E-05, -0.1046E-04, -0.1183E-04, -0.6041E-05,  0.1046E-04, -0.1183E-04
 -0.4164E-04,   0.000    ,  0.1209E-04,  0.3798E-06,   0.000    ,  0.2623E-06,  0.1510E-03,   0.000    , -0.4766E-04, -0.4989E-05,  0.2001E-05,  0.2745E-05, -0.4989E-05, -0.2001E-05,  0.2745E-05,  0.8924E-06,   0.000    , -0.4056E-06,  0.2839E-06,  0.1352E-07, -0.4056E-07,  0.2839E-06, -0.1352E-07, -0.4056E-07
   0.000    , -0.7666E-05,   0.000    ,   0.000    ,  0.7830E-08,   0.000    ,   0.000    ,  0.2350E-04,   0.000    , -0.1248E-04,  0.1055E-05,  0.4922E-05,  0.1248E-04,  0.1055E-05, -0.4922E-05,   0.000    ,  0.5679E-06,   0.000    ,  0.2299E-06,  0.1487E-06,  0.1352E-06, -0.2299E-06,  0.1487E-06, -0.1352E-06
  0.1211E-04,   0.000    , -0.1183E-04,  0.5137E-05,   0.000    , -0.1942E-05, -0.4766E-04,   0.000    ,  0.4565E-04, -0.5652E-05,  0.8113E-07,  0.1568E-05, -0.5652E-05, -0.8113E-07,  0.1568E-05, -0.4056E-06,   0.000    , -0.3177E-05, -0.1082E-06,  0.1082E-06,  0.9735E-06, -0.1082E-06, -0.1082E-06,  0.9735E-06
 -0.1616E-04, -0.1471E-04, -0.6041E-05,  0.9788E-07,  0.1644E-06, -0.1292E-06, -0.4989E-05, -0.1248E-04, -0.5652E-05,  0.5537E-04,  0.5518E-04,  0.2380E-04,  0.4070E-05,  0.7234E-05,  0.2894E-05,  0.2839E-06,  0.2299E-06, -0.1082E-06,  0.6490E-06,  0.1623E-06,  0.2163E-06,  0.6761E-07, -0.1217E-06,  0.1352E-06
 -0.1470E-04, -0.3314E-04, -0.1046E-04,  0.1605E-06,  0.2819E-06, -0.2232E-06,  0.2001E-05,  0.1055E-05,  0.8113E-07,  0.5518E-04,  0.1191E-03,  0.4127E-04, -0.7234E-05, -0.8005E-05, -0.4841E-05,  0.1352E-07,  0.1487E-06,  0.1082E-06,  0.1623E-06,  0.8248E-06,  0.3516E-06,  0.1082E-06,  0.3380E-06, -0.2704E-07
 -0.6053E-05, -0.1048E-04, -0.1183E-04, -0.2568E-05, -0.4448E-05, -0.1942E-05,  0.2745E-05,  0.4922E-05,  0.1568E-05,  0.2380E-04,  0.4127E-04,  0.4563E-04,  0.2894E-05,  0.4841E-05,  0.1568E-05, -0.4056E-07,  0.1352E-06,  0.9735E-06,  0.2163E-06,  0.3516E-06, -0.3177E-05,  0.1352E-06,  0.2704E-07,  0.9735E-06
 -0.1616E-04,  0.1471E-04, -0.6041E-05,  0.9788E-07, -0.1644E-06, -0.1292E-06, -0.4989E-05,  0.1248E-04, -0.5652E-05,  0.4070E-05, -0.7234E-05,  0.2894E-05,  0.5537E-04, -0.5518E-04,  0.2380E-04,  0.2839E-06, -0.2299E-06, -0.1082E-06,  0.6761E-07,  0.1082E-06,  0.1352E-06,  0.6490E-06, -0.1623E-06,  0.2163E-06
  0.1471E-04, -0.3314E-04,  0.1046E-04, -0.1605E-06,  0.2819E-06,  0.2232E-06, -0.2001E-05,  0.1055E-05, -0.8113E-07,  0.7234E-05, -0.8005E-05,  0.4841E-05, -0.5518E-04,  0.1191E-03, -0.4127E-04, -0.1352E-07,  0.1487E-06, -0.1082E-06, -0.1217E-06,  0.3380E-06,  0.2704E-07, -0.1758E-06,  0.8248E-06, -0.3516E-06
 -0.6053E-05,  0.1048E-04, -0.1183E-04, -0.2568E-05,  0.4448E-05, -0.1942E-05,  0.2745E-05, -0.4922E-05,  0.1568E-05,  0.2894E-05, -0.4841E-05,  0.1568E-05,  0.2380E-04, -0.4127E-04,  0.4563E-04, -0.4056E-07, -0.1352E-06,  0.9735E-06,  0.1352E-06, -0.2704E-07,  0.9735E-06,  0.2163E-06, -0.3516E-06, -0.3177E-05
  0.3798E-06,   0.000    ,  0.2623E-06, -0.4164E-04,   0.000    ,  0.1209E-04,  0.8924E-06,   0.000    , -0.4056E-06,  0.2839E-06,  0.1352E-07, -0.4056E-07,  0.2839E-06, -0.1352E-07, -0.4056E-07,  0.1510E-03,   0.000    , -0.4766E-04, -0.4989E-05,  0.2001E-05,  0.2745E-05, -0.4989E-05, -0.2001E-05,  0.2745E-05
   0.000    ,  0.7830E-08,   0.000    ,   0.000    , -0.7666E-05,   0.000    ,   0.000    ,  0.5679E-06,   0.000    ,  0.2299E-06,  0.1487E-06,  0.1352E-06, -0.2299E-06,  0.1487E-06, -0.1352E-06,   0.000    ,  0.2350E-04,   0.000    , -0.1248E-04,  0.1055E-05,  0.4922E-05,  0.1248E-04,  0.1055E-05, -0.4922E-05
  0.5137E-05,   0.000    , -0.1942E-05,  0.1211E-04,   0.000    , -0.1183E-04, -0.4056E-06,   0.000    , -0.3177E-05, -0.1082E-06,  0.1082E-06,  0.9735E-06, -0.1082E-06, -0.1082E-06,  0.9735E-06, -0.4766E-04,   0.000    ,  0.4565E-04, -0.5652E-05,  0.8113E-07,  0.1568E-05, -0.5652E-05, -0.8113E-07,  0.1568E-05
  0.9788E-07,  0.1644E-06, -0.1292E-06, -0.1616E-04, -0.1471E-04, -0.6041E-05,  0.2839E-06,  0.2299E-06, -0.1082E-06,  0.6490E-06,  0.1623E-06,  0.2163E-06,  0.6761E-07, -0.1217E-06,  0.1352E-06, -0.4989E-05, -0.1248E-04, -0.5652E-05,  0.5537E-04,  0.5519E-04,  0.2380E-04,  0.4070E-05,  0.7234E-05,  0.2894E-05
  0.1605E-06,  0.2819E-06, -0.2232E-06, -0.1470E-04, -0.3314E-04, -0.1046E-04,  0.1352E-07,  0.1487E-06,  0.1082E-06,  0.1758E-06,  0.8248E-06,  0.3516E-06,  0.1217E-06,  0.3380E-06, -0.2704E-07,  0.2001E-05,  0.1055E-05,  0.8113E-07,  0.5519E-04,  0.1191E-03,  0.4127E-04, -0.7234E-05, -0.8005E-05, -0.4841E-05
 -0.2568E-05, -0.4448E-05, -0.1942E-05, -0.6053E-05, -0.1048E-04, -0.1183E-04, -0.4056E-07,  0.1352E-06,  0.9735E-06,  0.2163E-06,  0.3516E-06, -0.3177E-05,  0.1352E-06,  0.2704E-07,  0.9735E-06,  0.2745E-05,  0.4922E-05,  0.1568E-05,  0.2380E-04,  0.4127E-04,  0.4563E-04,  0.2894E-05,  0.4841E-05,  0.1568E-05
  0.9788E-07, -0.1644E-06, -0.1292E-06, -0.1616E-04,  0.1471E-04, -0.6041E-05,  0.2839E-06, -0.2299E-06, -0.1082E-06,  0.6761E-07,  0.1217E-06,  0.1352E-06,  0.6490E-06, -0.1623E-06,  0.2163E-06, -0.4989E-05,  0.1248E-04, -0.5652E-05,  0.4070E-05, -0.7234E-05,  0.2894E-05,  0.5537E-04, -0.5519E-04,  0.2380E-04
 -0.1605E-06,  0.2819E-06,  0.2232E-06,  0.1470E-04, -0.3314E-04,  0.1046E-04, -0.1352E-07,  0.1487E-06, -0.1082E-06, -0.1217E-06,  0.3380E-06,  0.2704E-07, -0.1623E-06,  0.8248E-06, -0.3516E-06, -0.2001E-05,  0.1055E-05, -0.8113E-07,  0.7234E-05, -0.8005E-05,  0.4841E-05, -0.5518E-04,  0.1191E-03, -0.4127E-04
 -0.2568E-05,  0.4448E-05, -0.1942E-05, -0.6053E-05,  0.1048E-04, -0.1183E-04, -0.4056E-07, -0.1352E-06,  0.9735E-06,  0.1352E-06, -0.2704E-07,  0.9735E-06,  0.2163E-06, -0.3516E-06, -0.3177E-05,  0.2745E-05, -0.4922E-05,  0.1568E-05,  0.2894E-05, -0.4841E-05,  0.1568E-05,  0.2380E-04, -0.4127E-04,  0.4563E-04
 
 eigenvalues_full: 
 
 -0.8004E-08
 -0.1532E-08
  0.1992E-09
  0.1467E-07
  0.2227E-07
  0.3752E-07
  0.1656E-05
  0.1504E-04
  0.1506E-04
  0.2159E-04
  0.3132E-04
  0.3134E-04
  0.3949E-04
  0.4124E-04
  0.4290E-04
  0.4293E-04
  0.4379E-04
  0.4381E-04
  0.1713E-03
  0.1731E-03
  0.1863E-03
  0.1863E-03
  0.1888E-03
  0.1889E-03
 
 eigenvectors: 
 
  0.5527    ,  0.2292    ,  0.2009    ,  0.1102    , -0.5096    , -0.7655E-01,  0.3920E-03,  0.1605    , -0.1110E-01,  0.3417E-03, -0.9062E-02, -0.4135    , -0.1025E-02,  0.5517E-03, -0.6936E-01,  0.1321E-02, -0.1638    , -0.3993E-02, -0.7299E-03,  0.5686E-04,  0.7734E-02,  0.2175    , -0.8206E-02,  0.2188    
  0.1065    ,  0.2530    , -0.5849    , -0.4586    , -0.6905E-01, -0.2086    ,  0.1739E-02,  0.1120E-01,  0.1600    ,  0.5995E-05,  0.4139    , -0.9020E-02,  0.3126E-04,  0.5220E-04, -0.1281E-02, -0.6933E-01,  0.3937E-02, -0.1634    ,  0.2880E-04,  0.2785E-04, -0.2178    ,  0.7746E-02, -0.2186    , -0.8197E-02
  0.2864    , -0.5346    , -0.1777    , -0.1507E-02, -0.3435E-04, -0.7468E-03, -0.5473E-05,  0.2075E-03, -0.2033E-04, -0.5783    ,  0.3074E-05, -0.3585E-03, -0.2926    ,  0.3869    ,  0.3141E-02,  0.3184E-04,  0.1371E-02,  0.6876E-04, -0.1261    ,  0.1225    , -0.2807E-04, -0.3785E-03,  0.1616E-04, -0.6811E-04
  0.5572    ,  0.2387    ,  0.1809    , -0.9045E-01,  0.5080    ,  0.9799E-01,  0.8122E-03,  0.1605    , -0.1104E-01, -0.3425E-03,  0.9073E-02,  0.4135    , -0.1036E-02, -0.5386E-03,  0.7114E-01, -0.1048E-02, -0.1630    , -0.4115E-02,  0.6675E-03, -0.1401E-04, -0.7715E-02, -0.2172    , -0.8226E-02,  0.2191    
  0.8448E-01,  0.2303    , -0.5621    ,  0.5293    ,  0.6997E-01,  0.1217    ,  0.2495E-02,  0.1114E-01,  0.1600    , -0.4901E-05, -0.4139    ,  0.9028E-02,  0.2755E-04,  0.1871E-04,  0.1018E-02,  0.6954E-01,  0.4091E-02, -0.1633    , -0.3032E-04,  0.2960E-04,  0.2169    , -0.7704E-02, -0.2194    , -0.8234E-02
  0.2864    , -0.5346    , -0.1777    , -0.1544E-02,  0.1422E-03, -0.7277E-03, -0.1201E-04,  0.2076E-03, -0.2041E-04,  0.5783    , -0.1748E-04,  0.4195E-03, -0.2923    , -0.3871    , -0.3437E-02, -0.1199E-03,  0.1284E-02, -0.8751E-04,  0.1257    ,  0.1229    ,  0.2636E-04,  0.3419E-03,  0.1486E-04, -0.4018E-04
  0.1598    ,  0.6567E-01,  0.5968E-01,  0.4705E-01, -0.2243    , -0.3533E-01,  0.6646E-04, -0.1497    ,  0.1041E-01, -0.2221E-01,  0.9782E-03,  0.4532E-01,  0.1574    , -0.1546    , -0.1209    ,  0.2117E-02, -0.1270    , -0.3051E-02, -0.3757    ,  0.3756    , -0.1834E-01, -0.5142    ,  0.1920E-01, -0.5109    
  0.3282E-01,  0.8489E-01, -0.2010    , -0.3213    , -0.1189    ,  0.2944    ,  0.4097    , -0.1523E-01, -0.2190    , -0.8458E-05, -0.2193    ,  0.4813E-02, -0.1503E-03, -0.2743E-03,  0.8533E-02,  0.4806    , -0.1200E-01,  0.5016    ,  0.4398E-05,  0.3713E-05, -0.1089E-01,  0.3854E-03, -0.7004E-02, -0.2610E-03
  0.8234E-01, -0.1566    , -0.4754E-01,  0.3851E-01, -0.1975    , -0.3410E-01, -0.1214E-03, -0.4942    ,  0.3431E-01, -0.2338    ,  0.8990E-02,  0.4119    ,  0.3354    , -0.3010    , -0.2905    ,  0.5025E-02, -0.2230    , -0.5294E-02,  0.1393    , -0.1409    ,  0.7012E-02,  0.1967    , -0.7483E-02,  0.1991    
  0.1602    ,  0.7425E-01,  0.3353E-01, -0.5168E-01, -0.3007    ,  0.2933    ,  0.3543    , -0.1997    ,  0.4375E-01,  0.1100E-01,  0.7904E-01,  0.1732    , -0.7743E-01,  0.7509E-01,  0.3253    , -0.2664    ,  0.3534    , -0.2633    ,  0.1890    , -0.1879    ,  0.2228    , -0.1276    ,  0.2285    , -0.1140    
  0.3224E-01,  0.7005E-01, -0.1560    , -0.1503    ,  0.1365E-01, -0.2751    , -0.2042    ,  0.1854E-01, -0.1691    ,  0.1944E-01, -0.8991E-01, -0.7290E-01, -0.1382    ,  0.1373    , -0.2574    ,  0.3478E-01, -0.2728    ,  0.2503E-01,  0.3275    , -0.3255    ,  0.3746    , -0.2394    ,  0.3892    , -0.2098    
  0.7973E-01, -0.1577    , -0.4964E-01,  0.1462    ,  0.1219    ,  0.7267E-01,  0.4743E-03,  0.2767    ,  0.4109    , -0.2339    ,  0.3515    , -0.2137    ,  0.3370    , -0.3055    ,  0.1455    ,  0.2484    ,  0.1043    ,  0.1927    ,  0.1402    , -0.1411    ,  0.1666    , -0.1037    ,  0.1758    , -0.9300E-01
  0.1596    ,  0.5697E-01,  0.8574E-01,  0.1457    , -0.1476    , -0.3639    , -0.3543    , -0.2038    , -0.1578E-01,  0.1100E-01, -0.7134E-01,  0.1765    , -0.7754E-01,  0.7484E-01,  0.3346    ,  0.2547    ,  0.3404    ,  0.2800    ,  0.1891    , -0.1878    , -0.2313    , -0.1114    , -0.2194    , -0.1308    
  0.3252E-01,  0.6993E-01, -0.1560    , -0.1503    ,  0.1386E-01, -0.2751    , -0.2043    , -0.4163E-01, -0.1650    , -0.1943E-01, -0.8660E-01,  0.7680E-01,  0.1382    , -0.1373    ,  0.2585    ,  0.2558E-01,  0.2713    ,  0.3803E-01, -0.3276    ,  0.3255    ,  0.3905    ,  0.2121    ,  0.3725    ,  0.2384    
  0.8719E-01, -0.1502    , -0.5710E-01, -0.1860    ,  0.7533E-01, -0.3928E-01, -0.3453E-03,  0.2173    , -0.4452    , -0.2339    , -0.3605    , -0.1981    ,  0.3372    , -0.3053    ,  0.1369    , -0.2534    ,  0.1132    , -0.1876    ,  0.1403    , -0.1410    , -0.1736    , -0.9159E-01, -0.1684    , -0.1059    
  0.1618    ,  0.6986E-01,  0.5088E-01, -0.4133E-01,  0.2238    ,  0.4153E-01,  0.2551E-03, -0.1497    ,  0.1043E-01,  0.2221E-01, -0.9591E-03, -0.4530E-01,  0.1572    ,  0.1547    ,  0.1224    , -0.1860E-02, -0.1257    , -0.3171E-02,  0.3745    ,  0.3771    ,  0.1829E-01,  0.5135    ,  0.1925E-01, -0.5114    
  0.2145E-01,  0.5367E-01, -0.1285    ,  0.3417    ,  0.1192    , -0.3213    ,  0.4080    , -0.1524E-01, -0.2193    ,  0.2643E-05,  0.2194    , -0.4786E-02, -0.2545E-05,  0.5292E-04, -0.7626E-02, -0.4812    , -0.1287E-01,  0.5011    , -0.1802E-05,  0.1194E-05,  0.1086E-01, -0.3856E-03, -0.7049E-02, -0.2645E-03
  0.8410E-01, -0.1530    , -0.5530E-01, -0.3941E-01,  0.1976    ,  0.3366E-01,  0.4710E-04, -0.4942    ,  0.3432E-01,  0.2338    , -0.8953E-02, -0.4118    ,  0.3348    ,  0.3013    ,  0.2933    , -0.4552E-02, -0.2200    , -0.5597E-02, -0.1388    , -0.1415    , -0.6992E-02, -0.1964    , -0.7499E-02,  0.1993    
  0.1607    ,  0.6003E-01,  0.7888E-01,  0.5730E-01,  0.3003    , -0.2888    ,  0.3529    , -0.1997    ,  0.4367E-01, -0.1100E-01, -0.7904E-01, -0.1733    , -0.7718E-01, -0.7509E-01, -0.3296    ,  0.2660    ,  0.3502    , -0.2626    , -0.1883    , -0.1886    , -0.2220    ,  0.1275    ,  0.2293    , -0.1142    
  0.2333E-01,  0.7070E-01, -0.1772    ,  0.1708    , -0.1346E-01,  0.2510    , -0.2030    ,  0.1855E-01, -0.1691    , -0.1943E-01,  0.8988E-01,  0.7305E-01, -0.1383    , -0.1373    ,  0.2603    , -0.3435E-01, -0.2701    ,  0.2454E-01, -0.3263    , -0.3266    , -0.3732    ,  0.2391    ,  0.3906    , -0.2101    
  0.8628E-01, -0.1520    , -0.5336E-01, -0.1470    , -0.1218    , -0.7319E-01,  0.1618E-03,  0.2766    ,  0.4109    ,  0.2339    , -0.3515    ,  0.2135    ,  0.3371    ,  0.3057    , -0.1460    , -0.2487    ,  0.1024    ,  0.1928    , -0.1397    , -0.1415    , -0.1660    ,  0.1036    ,  0.1765    , -0.9311E-01
  0.1631    ,  0.7958E-01,  0.2276E-01, -0.1400    ,  0.1471    ,  0.3717    , -0.3524    , -0.2038    , -0.1571E-01, -0.1100E-01,  0.7132E-01, -0.1766    , -0.7717E-01, -0.7504E-01, -0.3379    , -0.2555    ,  0.3362    ,  0.2801    , -0.1884    , -0.1885    ,  0.2304    ,  0.1114    , -0.2202    , -0.1311    
  0.2365E-01,  0.7059E-01, -0.1773    ,  0.1708    , -0.1356E-01,  0.2510    , -0.2029    , -0.4168E-01, -0.1649    ,  0.1943E-01,  0.8658E-01, -0.7693E-01,  0.1383    ,  0.1373    , -0.2613    , -0.2600E-01,  0.2684    ,  0.3842E-01,  0.3264    ,  0.3265    , -0.3891    , -0.2121    ,  0.3738    ,  0.2388    
  0.7889E-01, -0.1596    , -0.4562E-01,  0.1850    , -0.7528E-01,  0.3902E-01, -0.1628E-03,  0.2172    , -0.4452    ,  0.2339    ,  0.3605    ,  0.1980    ,  0.3371    ,  0.3055    , -0.1380    ,  0.2536    ,  0.1122    , -0.1870    , -0.1397    , -0.1415    ,  0.1729    ,  0.9155E-01, -0.1690    , -0.1061    
 
 delta(i,j): 
 
   1.000    ,  0.4701E-15,  0.1769E-15, -0.1284E-15, -0.2689E-16,  0.7026E-16,  0.1795E-15,  0.6245E-16,  0.9021E-16,  0.1006E-15,  0.2567E-15,  0.7286E-16,  0.2845E-15,  0.1006E-15,  0.3417E-15,  0.2116E-15, -0.2984E-15,  0.2429E-16, -0.2012E-15, -0.3469E-17, -0.1422E-15, -0.1735E-17,  0.8153E-16, -0.5204E-16
  0.4701E-15,   1.000    , -0.1821E-16,  0.1353E-15,  0.8327E-16, -0.1102E-15, -0.6855E-16,  0.1180E-15, -0.2637E-15, -0.1804E-15, -0.1110E-15,  0.4163E-16, -0.2429E-15,  0.2359E-15,  0.1561E-15, -0.1388E-16,  0.3469E-17, -0.1249E-15,  0.3469E-16,  0.2429E-16,  0.3123E-16,  0.1388E-16, -0.2429E-16, -0.3469E-17
  0.1769E-15, -0.1821E-16,   1.000    ,  0.9194E-16,  0.6982E-16,  0.1910E-15,  0.5058E-16, -0.1735E-16, -0.2429E-16, -0.1735E-17, -0.1006E-15, -0.9541E-16, -0.1804E-15, -0.1596E-15, -0.6072E-17, -0.1232E-15,  0.2429E-16, -0.9021E-16,  0.4597E-16,  0.7893E-16,  0.2550E-15,  0.2862E-16,  0.1041E-15,  0.4597E-16
 -0.1284E-15,  0.1353E-15,  0.9194E-16,   1.000    , -0.2810E-15, -0.4163E-15,  0.7375E-16,  0.9714E-16, -0.1388E-15, -0.6939E-17,  0.1943E-15,  0.1596E-15, -0.1943E-15,  0.2151E-15,  0.3469E-16,  0.1388E-16, -0.2047E-15,  0.1943E-15,  0.1735E-16, -0.1318E-15, -0.9714E-16,  0.1527E-15, -0.1388E-16, -0.4510E-16
 -0.2689E-16,  0.8327E-16,  0.6982E-16, -0.2810E-15,   1.000    , -0.1501E-15,  0.7468E-16,  0.4510E-16,  0.6245E-16, -0.2776E-16,  0.9714E-16,  0.6939E-16,  0.8327E-16,  0.1839E-15,  0.1665E-15, -0.7633E-16, -0.2168E-15, -0.6418E-16, -0.1214E-15,  0.1735E-16, -0.9714E-16,  0.6072E-16,  0.1509E-15, -0.2047E-15
  0.7026E-16, -0.1102E-15,  0.1910E-15, -0.4163E-15, -0.1501E-15,   1.000    ,  0.2504E-15, -0.6939E-17,  0.2082E-16, -0.5378E-16, -0.2012E-15,  0.2897E-15, -0.5725E-16,  0.3105E-15,  0.7034E-15,  0.5395E-15, -0.4337E-17, -0.2212E-15, -0.1865E-15,  0.1501E-15,  0.1743E-15,  0.2333E-15,   0.000    ,  0.4770E-16
  0.1795E-15, -0.6855E-16,  0.5058E-16,  0.7375E-16,  0.7468E-16,  0.2504E-15,   1.000    ,  0.1343E-16, -0.4448E-16, -0.1747E-15,  0.2153E-16, -0.6595E-16,  0.9392E-17,  0.3064E-16, -0.3480E-15, -0.3044E-15,  0.4472E-15,  0.2328E-15, -0.2931E-16, -0.8975E-17,  0.2352E-15, -0.2868E-16,  0.8547E-16, -0.8200E-16
  0.6245E-16,  0.1180E-15, -0.1735E-16,  0.9714E-16,  0.4510E-16, -0.6939E-17,  0.1343E-16,   1.000    ,  0.2498E-15, -0.1041E-15,  0.1388E-16, -0.3469E-16, -0.3331E-15,  0.1388E-15, -0.7980E-16, -0.2498E-15,  0.2429E-15,  0.4857E-16, -0.6245E-16,  0.6245E-16,  0.9714E-16,  0.1145E-15, -0.6939E-17, -0.6245E-16
  0.9021E-16, -0.2637E-15, -0.2429E-16, -0.1388E-15,  0.6245E-16,  0.2082E-16, -0.4448E-16,  0.2498E-15,   1.000    ,  0.4857E-15, -0.6106E-15, -0.2359E-15,  0.1110E-15,  0.2776E-16, -0.1388E-16, -0.2637E-15, -0.6245E-16,  0.1110E-15,  0.6939E-17, -0.1110E-15, -0.8327E-16,  0.6939E-16,  0.8327E-16,  0.1388E-16
  0.1006E-15, -0.1804E-15, -0.1735E-17, -0.6939E-17, -0.2776E-16, -0.5378E-16, -0.1747E-15, -0.1041E-15,  0.4857E-15,   1.000    , -0.4857E-15, -0.1249E-15,  0.6939E-15, -0.3192E-15, -0.2776E-15, -0.1804E-15,   0.000    , -0.1735E-15,  0.1388E-16, -0.1388E-16, -0.6939E-17,  0.7286E-16, -0.1457E-15,  0.1076E-15
  0.2567E-15, -0.1110E-15, -0.1006E-15,  0.1943E-15,  0.9714E-16, -0.2012E-15,  0.2153E-16,  0.1388E-16, -0.6106E-15, -0.4857E-15,   1.000    , -0.7078E-15,  0.6939E-16,  0.9714E-16,  0.1665E-15, -0.1249E-15, -0.3469E-16, -0.9714E-16, -0.3469E-16,  0.6939E-17,  0.2359E-15, -0.1041E-15, -0.4163E-16,   0.000    
  0.7286E-16,  0.4163E-16, -0.9541E-16,  0.1596E-15,  0.6939E-16,  0.2897E-15, -0.6595E-16, -0.3469E-16, -0.2359E-15, -0.1249E-15, -0.7078E-15,   1.000    , -0.9714E-16, -0.2290E-15, -0.2741E-15, -0.2637E-15, -0.1041E-15, -0.4857E-16,  0.1978E-15, -0.1006E-15, -0.3469E-16,  0.2776E-15, -0.2706E-15, -0.6592E-16
  0.2845E-15, -0.2429E-15, -0.1804E-15, -0.1943E-15,  0.8327E-16, -0.5725E-16,  0.9392E-17, -0.3331E-15,  0.1110E-15,  0.6939E-15,  0.6939E-16, -0.9714E-16,   1.000    , -0.3192E-15,  0.3469E-16, -0.4718E-15, -0.1874E-15,  0.3331E-15, -0.8327E-16,  0.8327E-16, -0.3469E-16, -0.1631E-15, -0.6939E-16, -0.1943E-15
  0.1006E-15,  0.2359E-15, -0.1596E-15,  0.2151E-15,  0.1839E-15,  0.3105E-15,  0.3064E-16,  0.1388E-15,  0.2776E-16, -0.3192E-15,  0.9714E-16, -0.2290E-15, -0.3192E-15,   1.000    , -0.6939E-16, -0.2498E-15, -0.4857E-16,  0.3261E-15, -0.4163E-16,  0.9021E-16, -0.7633E-16, -0.4163E-16, -0.3400E-15,  0.2429E-15
  0.3417E-15,  0.1561E-15, -0.6072E-17,  0.3469E-16,  0.1665E-15,  0.7034E-15, -0.3480E-15, -0.7980E-16, -0.1388E-16, -0.2776E-15,  0.1665E-15, -0.2741E-15,  0.3469E-16, -0.6939E-16,   1.000    ,  0.2359E-15, -0.3053E-15, -0.2776E-15,  0.1214E-15, -0.3469E-16, -0.1874E-15,  0.3886E-15,  0.5898E-16, -0.1301E-15
  0.2116E-15, -0.1388E-16, -0.1232E-15,  0.1388E-16, -0.7633E-16,  0.5395E-15, -0.3044E-15, -0.2498E-15, -0.2637E-15, -0.1804E-15, -0.1249E-15, -0.2637E-15, -0.4718E-15, -0.2498E-15,  0.2359E-15,   1.000    , -0.1076E-15,   0.000    ,   0.000    ,  0.1388E-15,  0.1596E-15, -0.2116E-15, -0.2359E-15,  0.5898E-16
 -0.2984E-15,  0.3469E-17,  0.2429E-16, -0.2047E-15, -0.2168E-15, -0.4337E-17,  0.4472E-15,  0.2429E-15, -0.6245E-16,   0.000    , -0.3469E-16, -0.1041E-15, -0.1874E-15, -0.4857E-16, -0.3053E-15, -0.1076E-15,   1.000    , -0.3053E-15,   0.000    ,  0.1735E-15, -0.7286E-16, -0.7633E-16,  0.2255E-15, -0.8674E-17
  0.2429E-16, -0.1249E-15, -0.9021E-16,  0.1943E-15, -0.6418E-16, -0.2212E-15,  0.2328E-15,  0.4857E-16,  0.1110E-15, -0.1735E-15, -0.9714E-16, -0.4857E-16,  0.3331E-15,  0.3261E-15, -0.2776E-15,   0.000    , -0.3053E-15,   1.000    ,  0.3469E-16, -0.1492E-15, -0.1041E-15, -0.1908E-15,   0.000    ,  0.2776E-15
 -0.2012E-15,  0.3469E-16,  0.4597E-16,  0.1735E-16, -0.1214E-15, -0.1865E-15, -0.2931E-16, -0.6245E-16,  0.6939E-17,  0.1388E-16, -0.3469E-16,  0.1978E-15, -0.8327E-16, -0.4163E-16,  0.1214E-15,   0.000    ,   0.000    ,  0.3469E-16,   1.000    , -0.4580E-15, -0.1561E-15, -0.1457E-15, -0.3296E-15,  0.7286E-16
 -0.3469E-17,  0.2429E-16,  0.7893E-16, -0.1318E-15,  0.1735E-16,  0.1501E-15, -0.8975E-17,  0.6245E-16, -0.1110E-15, -0.1388E-16,  0.6939E-17, -0.1006E-15,  0.8327E-16,  0.9021E-16, -0.3469E-16,  0.1388E-15,  0.1735E-15, -0.1492E-15, -0.4580E-15,   1.000    , -0.4718E-15, -0.1631E-15, -0.2082E-15, -0.5863E-15
 -0.1422E-15,  0.3123E-16,  0.2550E-15, -0.9714E-16, -0.9714E-16,  0.1743E-15,  0.2352E-15,  0.9714E-16, -0.8327E-16, -0.6939E-17,  0.2359E-15, -0.3469E-16, -0.3469E-16, -0.7633E-16, -0.1874E-15,  0.1596E-15, -0.7286E-16, -0.1041E-15, -0.1561E-15, -0.4718E-15,   1.000    ,  0.3018E-15,  0.1076E-15,  0.9714E-16
 -0.1735E-17,  0.1388E-16,  0.2862E-16,  0.1527E-15,  0.6072E-16,  0.2333E-15, -0.2868E-16,  0.1145E-15,  0.6939E-16,  0.7286E-16, -0.1041E-15,  0.2776E-15, -0.1631E-15, -0.4163E-16,  0.3886E-15, -0.2116E-15, -0.7633E-16, -0.1908E-15, -0.1457E-15, -0.1631E-15,  0.3018E-15,   1.000    , -0.2082E-16, -0.1613E-15
  0.8153E-16, -0.2429E-16,  0.1041E-15, -0.1388E-16,  0.1509E-15,   0.000    ,  0.8547E-16, -0.6939E-17,  0.8327E-16, -0.1457E-15, -0.4163E-16, -0.2706E-15, -0.6939E-16, -0.3400E-15,  0.5898E-16, -0.2359E-15,  0.2255E-15,   0.000    , -0.3296E-15, -0.2082E-15,  0.1076E-15, -0.2082E-16,   1.000    ,  0.7008E-15
 -0.5204E-16, -0.3469E-17,  0.4597E-16, -0.4510E-16, -0.2047E-15,  0.4770E-16, -0.8200E-16, -0.6245E-16,  0.1388E-16,  0.1076E-15,   0.000    , -0.6592E-16, -0.1943E-15,  0.2429E-15, -0.1301E-15,  0.5898E-16, -0.8674E-17,  0.2776E-15,  0.7286E-16, -0.5863E-15,  0.9714E-16, -0.1613E-15,  0.7008E-15,   1.000    
 
 rxyz0: 
 
   0.000    ,   0.000    ,  -1.927    ,  0.9633    ,  0.9633    ,   1.927    , -0.9633    , -0.9633    
   0.000    ,   0.000    ,   0.000    ,   1.668    ,  -1.668    ,   0.000    ,  -1.668    ,   1.668    
   1.452    ,  -1.452    ,   2.188    ,   2.188    ,   2.188    ,  -2.188    ,  -2.188    ,  -2.188    
 
 rx0 kartesian: 
 
   0.000    
   0.000    
   1.452    
   0.000    
   0.000    
  -1.452    
  -1.927    
   0.000    
   2.188    
  0.9633    
   1.668    
   2.188    
  0.9633    
  -1.668    
   2.188    
   1.927    
   0.000    
  -2.188    
 -0.9633    
  -1.668    
  -2.188    
 -0.9633    
   1.668    
  -2.188    
 
 inital hessian full: 
 
  0.1972E-04
  0.1280E-04
 -0.1220E-04
  -4.491    
  0.7189E-05
 -0.7834E-03
  0.2660E-03
  -1.066    
 -0.1154E-01
 -0.2496E-03
 -0.1633E-03
 -0.2899E-03
   5.822    
  0.1037E-01
  0.1390E-02
  0.1837E-01
 -0.3375E-04
  0.7260E-03
 -0.9659E-03
  0.1043E-02
  0.7272E-03
  0.3916E-03
 -0.5306E-03
  0.9861E-03
 
 inital hessian: 
 
  0.1972E-04
  0.1280E-04
 -0.1220E-04
  -4.491    
  0.7189E-05
 -0.7834E-03
  0.2660E-03
  -1.066    
 -0.1154E-01
 -0.2496E-03
 -0.1633E-03
 -0.2899E-03
   5.822    
  0.1037E-01
  0.1390E-02
  0.1837E-01
 -0.3375E-04
  0.7260E-03
 
 Back transformation check: 
 
 -0.1052E-02,  0.1041E-02,  -1.927    ,  0.9629    ,  0.9629    ,   1.927    , -0.9629    , -0.9629    
  0.1349E-04, -0.6931E-05, -0.8730E-05,   1.668    ,  -1.668    ,  0.1010E-04,  -1.668    ,   1.668    
   1.452    ,  -1.452    ,   2.187    ,   2.188    ,   2.188    ,  -2.187    ,  -2.188    ,  -2.188    
 
