SLURM_NTASKS: 1
SLURM_NTASKS_PER_NODE: 1
SLURM_CPUS_PER_TASK: 1
 delta_t =    10.0000000000000     
 hessian: 
 
  0.5519    , -0.2650E-08, -0.1668E-03, -0.8312E-01, -0.1080E-07, -0.4415E-03, -0.2656    ,  0.2876E-06,  0.7791E-01, -0.1035    , -0.9423E-01, -0.3859E-01, -0.1035    ,  0.9423E-01, -0.3859E-01,  0.2545E-02,  0.6096E-05,  0.3281E-01,  0.5821E-03,  0.1041E-02, -0.1646E-01,  0.5871E-03, -0.1035E-02, -0.1646E-01
 -0.2650E-08,  0.5519    , -0.7829E-05, -0.4950E-08, -0.8311E-01, -0.1604E-04, -0.5550E-08, -0.4893E-01,  0.6744E-06, -0.9424E-01, -0.2118    , -0.6669E-01,  0.9424E-01, -0.2118    ,  0.6669E-01, -0.4296E-06,  0.3560E-04,  0.2558E-05,  0.9570E-03,  0.1847E-02, -0.2844E-01, -0.9535E-03,  0.1842E-02,  0.2845E-01
 -0.1668E-03, -0.7829E-05,  0.4881    , -0.4420E-03, -0.1604E-04, -0.2244    ,  0.7782E-01,  0.1524E-05, -0.7597E-01, -0.3854E-01, -0.6661E-01, -0.7527E-01, -0.3855E-01,  0.6662E-01, -0.7527E-01,  0.1619E-02,  0.8007E-06, -0.1253E-01, -0.8688E-03, -0.1438E-02, -0.1236E-01, -0.8760E-03,  0.1453E-02, -0.1236E-01
 -0.8312E-01, -0.4950E-08, -0.4420E-03,  0.5519    , -0.7400E-08, -0.1736E-03,  0.2559E-02,  0.6095E-05,  0.3280E-01,  0.5879E-03,  0.1048E-02, -0.1646E-01,  0.5929E-03, -0.1042E-02, -0.1646E-01, -0.2656    ,  0.2914E-06,  0.7791E-01, -0.1035    , -0.9423E-01, -0.3859E-01, -0.1034    ,  0.9423E-01, -0.3859E-01
 -0.1080E-07, -0.8311E-01, -0.1604E-04, -0.7400E-08,  0.5519    , -0.7829E-05,  0.1180E-07,  0.3560E-04,  0.2557E-05,  0.9570E-03,  0.1847E-02, -0.2844E-01, -0.9535E-03,  0.1842E-02,  0.2845E-01, -0.7550E-07, -0.4893E-01,  0.6697E-06, -0.9424E-01, -0.2118    , -0.6669E-01,  0.9424E-01, -0.2118    ,  0.6669E-01
 -0.4415E-03, -0.1604E-04, -0.2244    , -0.1736E-03, -0.7829E-05,  0.4881    ,  0.1615E-02,  0.8008E-06, -0.1253E-01, -0.8688E-03, -0.1438E-02, -0.1236E-01, -0.8760E-03,  0.1453E-02, -0.1236E-01,  0.7783E-01,  0.1524E-05, -0.7597E-01, -0.3854E-01, -0.6661E-01, -0.7527E-01, -0.3855E-01,  0.6662E-01, -0.7527E-01
 -0.2656    , -0.5550E-08,  0.7782E-01,  0.2559E-02,  0.1180E-07,  0.1615E-02,  0.2788    , -0.1072E-05, -0.8875E-01, -0.9236E-02,  0.3717E-02,  0.5128E-02, -0.9237E-02, -0.3717E-02,  0.5127E-02,  0.1659E-02, -0.2596E-05, -0.7851E-03,  0.5144E-03,  0.1021E-04, -0.8592E-04,  0.5108E-03, -0.1375E-04, -0.8365E-04
  0.2876E-06, -0.4893E-01,  0.1524E-05,  0.6095E-05,  0.3560E-04,  0.8008E-06, -0.1072E-05,  0.4341E-01,  0.3689E-06, -0.2305E-01,  0.1958E-02,  0.9206E-02,  0.2305E-01,  0.1958E-02, -0.9207E-02, -0.2551E-05,  0.1026E-02,  0.7334E-06,  0.4135E-03,  0.2676E-03,  0.2460E-03, -0.4170E-03,  0.2713E-03, -0.2483E-03
  0.7791E-01,  0.6744E-06, -0.7597E-01,  0.3280E-01,  0.2557E-05, -0.1253E-01, -0.8875E-01,  0.3689E-06,  0.8489E-01, -0.1042E-01,  0.1484E-03,  0.2938E-02, -0.1041E-01, -0.1491E-03,  0.2939E-02, -0.7892E-03,  0.7337E-06, -0.5871E-02, -0.1678E-03,  0.2010E-03,  0.1812E-02, -0.1653E-03, -0.2019E-03,  0.1813E-02
 -0.1035    , -0.9424E-01, -0.3854E-01,  0.5879E-03,  0.9570E-03, -0.8688E-03, -0.9236E-02, -0.2305E-01, -0.1042E-01,  0.1027    ,  0.1024    ,  0.4403E-01,  0.7579E-02,  0.1343E-01,  0.5349E-02,  0.5149E-03,  0.4135E-03, -0.1678E-03,  0.1188E-02,  0.2800E-03,  0.3613E-03,  0.1467E-03, -0.2021E-03,  0.2647E-03
 -0.9423E-01, -0.2118    , -0.6661E-01,  0.1048E-02,  0.1847E-02, -0.1438E-02,  0.3717E-02,  0.1958E-02,  0.1484E-03,  0.1024    ,  0.2204    ,  0.7603E-01, -0.1343E-01, -0.1482E-01, -0.8932E-02,  0.9203E-05,  0.2676E-03,  0.2010E-03,  0.2800E-03,  0.1506E-02,  0.6637E-03,  0.2005E-03,  0.6340E-03, -0.4788E-04
 -0.3859E-01, -0.6669E-01, -0.7527E-01, -0.1646E-01, -0.2844E-01, -0.1236E-01,  0.5128E-02,  0.9206E-02,  0.2938E-02,  0.4403E-01,  0.7603E-01,  0.8406E-01,  0.5348E-02,  0.8933E-02,  0.2890E-02, -0.8685E-04,  0.2460E-03,  0.1812E-02,  0.3614E-03,  0.6637E-03, -0.5873E-02,  0.2652E-03,  0.4497E-04,  0.1812E-02
 -0.1035    ,  0.9424E-01, -0.3855E-01,  0.5929E-03, -0.9535E-03, -0.8760E-03, -0.9237E-02,  0.2305E-01, -0.1041E-01,  0.7579E-02, -0.1343E-01,  0.5348E-02,  0.1027    , -0.1024    ,  0.4403E-01,  0.5111E-03, -0.4170E-03, -0.1653E-03,  0.1467E-03,  0.2005E-03,  0.2652E-03,  0.1188E-02, -0.2832E-03,  0.3643E-03
  0.9423E-01, -0.2118    ,  0.6662E-01, -0.1042E-02,  0.1842E-02,  0.1453E-02, -0.3717E-02,  0.1958E-02, -0.1491E-03,  0.1343E-01, -0.1482E-01,  0.8933E-02, -0.1024    ,  0.2204    , -0.7603E-01, -0.1238E-04,  0.2713E-03, -0.2019E-03, -0.2021E-03,  0.6340E-03,  0.4497E-04, -0.2832E-03,  0.1512E-02, -0.6690E-03
 -0.3859E-01,  0.6669E-01, -0.7527E-01, -0.1646E-01,  0.2845E-01, -0.1236E-01,  0.5127E-02, -0.9207E-02,  0.2939E-02,  0.5349E-02, -0.8932E-02,  0.2890E-02,  0.4403E-01, -0.7603E-01,  0.8406E-01, -0.8472E-04, -0.2483E-03,  0.1813E-02,  0.2647E-03, -0.4788E-04,  0.1812E-02,  0.3643E-03, -0.6690E-03, -0.5869E-02
  0.2545E-02, -0.4296E-06,  0.1619E-02, -0.2656    , -0.7550E-07,  0.7783E-01,  0.1659E-02, -0.2551E-05, -0.7892E-03,  0.5149E-03,  0.9203E-05, -0.8685E-04,  0.5111E-03, -0.1238E-04, -0.8472E-04,  0.2788    , -0.1064E-05, -0.8875E-01, -0.9235E-02,  0.3717E-02,  0.5127E-02, -0.9237E-02, -0.3717E-02,  0.5126E-02
  0.6096E-05,  0.3560E-04,  0.8007E-06,  0.2914E-06, -0.4893E-01,  0.1524E-05, -0.2596E-05,  0.1026E-02,  0.7337E-06,  0.4135E-03,  0.2676E-03,  0.2460E-03, -0.4170E-03,  0.2713E-03, -0.2483E-03, -0.1064E-05,  0.4341E-01,  0.3716E-06, -0.2305E-01,  0.1958E-02,  0.9207E-02,  0.2305E-01,  0.1958E-02, -0.9207E-02
  0.3281E-01,  0.2558E-05, -0.1253E-01,  0.7791E-01,  0.6697E-06, -0.7597E-01, -0.7851E-03,  0.7334E-06, -0.5871E-02, -0.1678E-03,  0.2010E-03,  0.1812E-02, -0.1653E-03, -0.2019E-03,  0.1813E-02, -0.8875E-01,  0.3716E-06,  0.8489E-01, -0.1042E-01,  0.1484E-03,  0.2938E-02, -0.1041E-01, -0.1491E-03,  0.2939E-02
  0.5821E-03,  0.9570E-03, -0.8688E-03, -0.1035    , -0.9424E-01, -0.3854E-01,  0.5144E-03,  0.4135E-03, -0.1678E-03,  0.1188E-02,  0.2800E-03,  0.3614E-03,  0.1467E-03, -0.2021E-03,  0.2647E-03, -0.9235E-02, -0.2305E-01, -0.1042E-01,  0.1027    ,  0.1024    ,  0.4403E-01,  0.7579E-02,  0.1343E-01,  0.5349E-02
  0.1041E-02,  0.1847E-02, -0.1438E-02, -0.9423E-01, -0.2118    , -0.6661E-01,  0.1021E-04,  0.2676E-03,  0.2010E-03,  0.2800E-03,  0.1506E-02,  0.6637E-03,  0.2005E-03,  0.6340E-03, -0.4788E-04,  0.3717E-02,  0.1958E-02,  0.1484E-03,  0.1024    ,  0.2204    ,  0.7603E-01, -0.1343E-01, -0.1482E-01, -0.8932E-02
 -0.1646E-01, -0.2844E-01, -0.1236E-01, -0.3859E-01, -0.6669E-01, -0.7527E-01, -0.8592E-04,  0.2460E-03,  0.1812E-02,  0.3613E-03,  0.6637E-03, -0.5873E-02,  0.2652E-03,  0.4497E-04,  0.1812E-02,  0.5127E-02,  0.9207E-02,  0.2938E-02,  0.4403E-01,  0.7603E-01,  0.8406E-01,  0.5348E-02,  0.8933E-02,  0.2890E-02
  0.5871E-03, -0.9535E-03, -0.8760E-03, -0.1034    ,  0.9424E-01, -0.3855E-01,  0.5108E-03, -0.4170E-03, -0.1653E-03,  0.1467E-03,  0.2005E-03,  0.2652E-03,  0.1188E-02, -0.2832E-03,  0.3643E-03, -0.9237E-02,  0.2305E-01, -0.1041E-01,  0.7579E-02, -0.1343E-01,  0.5348E-02,  0.1027    , -0.1024    ,  0.4403E-01
 -0.1035E-02,  0.1842E-02,  0.1453E-02,  0.9423E-01, -0.2118    ,  0.6662E-01, -0.1375E-04,  0.2713E-03, -0.2019E-03, -0.2021E-03,  0.6340E-03,  0.4497E-04, -0.2832E-03,  0.1512E-02, -0.6690E-03, -0.3717E-02,  0.1958E-02, -0.1491E-03,  0.1343E-01, -0.1482E-01,  0.8933E-02, -0.1024    ,  0.2204    , -0.7603E-01
 -0.1646E-01,  0.2845E-01, -0.1236E-01, -0.3859E-01,  0.6669E-01, -0.7527E-01, -0.8365E-04, -0.2483E-03,  0.1813E-02,  0.2647E-03, -0.4788E-04,  0.1812E-02,  0.3643E-03, -0.6690E-03, -0.5869E-02,  0.5126E-02, -0.9207E-02,  0.2939E-02,  0.5349E-02, -0.8932E-02,  0.2890E-02,  0.4403E-01, -0.7603E-01,  0.8406E-01
 
 eigenvalues_full: 
 
 -0.9216E-05
 -0.4951E-05
 -0.7739E-06
 -0.1190E-08
 -0.9286E-09
 -0.2511E-09
  0.2944E-02
  0.3270E-01
  0.3271E-01
  0.5865E-01
  0.7832E-01
  0.7833E-01
  0.1018    
  0.1018    
  0.1409    
  0.1410    
  0.1560    
  0.2547    
  0.4790    
  0.7531    
  0.7531    
  0.7726    
  0.8444    
  0.8445    
 
 eigenvectors: 
 
  0.9438E-03,  0.2178    , -0.1914E-03,  0.2128E-01, -0.2393    , -0.2583    , -0.2146E-05, -0.1737E-02, -0.1598    , -0.3067E-03,  0.1056E-02, -0.2823E-01, -0.3996E-01, -0.2095    ,  0.1023E-03,  0.3028    ,  0.1197E-02, -0.6687E-03,  0.1403E-02,  0.1647    ,  0.5261    ,  0.1800E-02, -0.4950E-01, -0.5985    
  0.2023    , -0.7639E-03,  0.7728E-01,  0.1351    , -0.2340    ,  0.2280    , -0.1303E-04,  0.1598    , -0.1738E-02, -0.3833E-05, -0.2828E-01, -0.1063E-02, -0.2095    ,  0.3995E-01, -0.3028    ,  0.1044E-03,  0.1043E-04,  0.5885E-05,  0.5954E-04,  0.5262    , -0.1647    , -0.9271E-04,  0.5985    , -0.4949E-01
  0.1149E-04, -0.7045E-03, -0.1191E-04, -0.3261    , -0.1127    ,  0.7751E-01,  0.1967E-05,  0.2458E-05,  0.5244E-03, -0.7500E-01, -0.5735E-05,  0.8974E-04,  0.1247E-03,  0.6727E-03, -0.6181E-05, -0.9244E-03,  0.3844    , -0.2242    ,  0.4766    , -0.5823E-03, -0.1643E-02,  0.6664    ,  0.2245E-03,  0.1455E-02
 -0.9035E-03, -0.2153    ,  0.3089E-03,  0.2141E-01, -0.2403    , -0.2594    , -0.2127E-05, -0.1737E-02, -0.1598    ,  0.3074E-03, -0.1056E-02,  0.2823E-01, -0.3996E-01, -0.2095    , -0.1023E-03, -0.3028    ,  0.1204E-02,  0.6638E-03,  0.1426E-02,  0.1647    ,  0.5262    , -0.1639E-02,  0.4949E-01,  0.5984    
 -0.2023    ,  0.7766E-03, -0.7735E-01,  0.1351    , -0.2340    ,  0.2279    , -0.1310E-04,  0.1598    , -0.1738E-02,  0.3909E-05,  0.2828E-01,  0.1063E-02, -0.2095    ,  0.3995E-01,  0.3028    , -0.1045E-03,  0.1061E-04, -0.6223E-05,  0.5928E-04,  0.5262    , -0.1647    ,  0.9564E-04, -0.5985    ,  0.4950E-01
  0.2305E-04,  0.6596E-03, -0.1865E-04, -0.3261    , -0.1127    ,  0.7751E-01,  0.1967E-05,  0.2416E-05,  0.5201E-03,  0.7499E-01,  0.5575E-05, -0.8695E-04,  0.1246E-03,  0.6718E-03,  0.6157E-05,  0.9312E-03,  0.3844    ,  0.2242    ,  0.4766    , -0.5213E-03, -0.1460E-02, -0.6664    , -0.2260E-03, -0.1472E-02
  0.1426E-02,  0.3317    , -0.3276E-03,  0.2125E-01, -0.2390    , -0.2580    ,  0.1409E-05,  0.5114E-03,  0.4707E-01, -0.1111    , -0.3828E-02,  0.1020    , -0.5787E-01, -0.3036    ,  0.1298E-03,  0.3566    , -0.3181    ,  0.3760    ,  0.2558    , -0.9938E-01, -0.3174    ,  0.1141    ,  0.2426E-01,  0.2931    
  0.4536    , -0.2226E-02, -0.2637    ,  0.1351    , -0.2340    ,  0.2279    , -0.4082    , -0.6108E-01,  0.6631E-03,  0.1820E-05, -0.4229    , -0.1589E-01,  0.4430    , -0.8447E-01,  0.2111    , -0.7064E-04,  0.5479E-05, -0.9726E-05, -0.2810E-05, -0.3294E-01,  0.1032E-01,  0.5234E-05, -0.3225E-01,  0.2673E-02
  0.1250E-02,  0.2902    , -0.3493E-03, -0.3261    , -0.1120    ,  0.7826E-01,  0.1924E-06,  0.6051E-02,  0.5571    , -0.3903    , -0.1422E-01,  0.3783    , -0.1202E-01, -0.6302E-01, -0.1084E-03, -0.3171    , -0.1272    , -0.9267E-01, -0.1597    ,  0.4104E-01,  0.1310    , -0.7511E-01, -0.6027E-02, -0.7272E-01
  0.1269    ,  0.3295    , -0.3308    ,  0.2127E-01, -0.2390    , -0.2581    , -0.3536    ,  0.8928E-02,  0.5624E-01,  0.5365E-01,  0.2367    , -0.2841    , -0.2741    ,  0.3181    , -0.2471    , -0.6829E-01,  0.1585    , -0.1884    , -0.1286    , -0.1564    , -0.6563E-01, -0.5726E-01, -0.1052    ,  0.1071    
  0.2350    , -0.6328E-03,  0.3083    ,  0.1351    , -0.2340    ,  0.2280    ,  0.2041    , -0.4940E-01, -0.6265E-02,  0.9520E-01, -0.3866E-01,  0.2256    , -0.1784    , -0.3009    , -0.2153    ,  0.2463    ,  0.2752    , -0.3258    , -0.2220    , -0.2852    , -0.4614E-01, -0.9880E-01, -0.2188    ,  0.1320    
 -0.2366    , -0.1458    , -0.8885E-01, -0.3260    , -0.1130    ,  0.7710E-01,  0.1124E-02,  0.4795    , -0.2840    , -0.3910    , -0.3215    , -0.2006    ,  0.6230E-01,  0.2042E-01, -0.2727    ,  0.1582    , -0.1286    , -0.9086E-01, -0.1585    , -0.1325    , -0.2957E-01, -0.7455E-01, -0.5896E-01,  0.4080E-01
 -0.1241    ,  0.3313    ,  0.3302    ,  0.2125E-01, -0.2390    , -0.2580    ,  0.3536    , -0.7697E-02,  0.5642E-01,  0.5366E-01, -0.2147    , -0.3011    ,  0.3719    ,  0.1949    ,  0.2471    , -0.6846E-01,  0.1585    , -0.1884    , -0.1286    ,  0.9106E-01, -0.1431    , -0.5730E-01,  0.1214    ,  0.8832E-01
  0.2350    , -0.6365E-03,  0.3083    ,  0.1351    , -0.2340    ,  0.2280    ,  0.2041    , -0.4926E-01,  0.7329E-02, -0.9520E-01, -0.2163E-01, -0.2279    , -0.5514E-01,  0.3454    , -0.2155    , -0.2462    , -0.2752    ,  0.3258    ,  0.2219    , -0.2080    ,  0.2006    ,  0.9887E-01, -0.2374    , -0.9428E-01
  0.2354    , -0.1476    ,  0.8917E-01, -0.3260    , -0.1130    ,  0.7715E-01, -0.1126E-02, -0.4856    , -0.2735    , -0.3910    ,  0.3357    , -0.1759    , -0.5041E-01,  0.4192E-01,  0.2729    ,  0.1580    , -0.1286    , -0.9088E-01, -0.1585    ,  0.9202E-01, -0.9987E-01, -0.7457E-01,  0.6483E-01,  0.3056E-01
 -0.1386E-02, -0.3292    ,  0.4450E-03,  0.2144E-01, -0.2406    , -0.2598    ,  0.1436E-05,  0.5114E-03,  0.4707E-01,  0.1111    ,  0.3828E-02, -0.1020    , -0.5787E-01, -0.3036    , -0.1298E-03, -0.3565    , -0.3181    , -0.3760    ,  0.2558    , -0.9939E-01, -0.3174    , -0.1142    , -0.2426E-01, -0.2931    
 -0.4536    ,  0.2240E-02,  0.2636    ,  0.1351    , -0.2341    ,  0.2280    , -0.4082    , -0.6107E-01,  0.6630E-03, -0.1862E-05,  0.4229    ,  0.1589E-01,  0.4430    , -0.8447E-01, -0.2111    ,  0.7047E-04,  0.5523E-05,  0.9695E-05, -0.2807E-05, -0.3294E-01,  0.1032E-01, -0.5419E-05,  0.3225E-01, -0.2673E-02
 -0.1216E-02, -0.2902    ,  0.3188E-03, -0.3259    , -0.1134    ,  0.7674E-01,  0.2262E-06,  0.6051E-02,  0.5571    ,  0.3903    ,  0.1422E-01, -0.3783    , -0.1201E-01, -0.6300E-01,  0.1084E-03,  0.3171    , -0.1272    ,  0.9267E-01, -0.1597    ,  0.4103E-01,  0.1310    ,  0.7515E-01,  0.6026E-02,  0.7270E-01
 -0.1269    , -0.3270    ,  0.3310    ,  0.2144E-01, -0.2406    , -0.2597    , -0.3535    ,  0.8928E-02,  0.5624E-01, -0.5366E-01, -0.2367    ,  0.2841    , -0.2741    ,  0.3181    ,  0.2471    ,  0.6829E-01,  0.1585    ,  0.1884    , -0.1286    , -0.1564    , -0.6566E-01,  0.5723E-01,  0.1052    , -0.1070    
 -0.2350    ,  0.6446E-03, -0.3084    ,  0.1351    , -0.2341    ,  0.2279    ,  0.2041    , -0.4940E-01, -0.6269E-02, -0.9520E-01,  0.3866E-01, -0.2256    , -0.1784    , -0.3009    ,  0.2153    , -0.2463    ,  0.2752    ,  0.3258    , -0.2220    , -0.2852    , -0.4620E-01,  0.9876E-01,  0.2188    , -0.1320    
  0.2366    ,  0.1457    ,  0.8882E-01, -0.3261    , -0.1123    ,  0.7791E-01,  0.1124E-02,  0.4795    , -0.2840    ,  0.3910    ,  0.3215    ,  0.2006    ,  0.6230E-01,  0.2042E-01,  0.2727    , -0.1582    , -0.1286    ,  0.9085E-01, -0.1585    , -0.1325    , -0.2960E-01,  0.7453E-01,  0.5896E-01, -0.4079E-01
  0.1241    , -0.3288    , -0.3301    ,  0.2146E-01, -0.2406    , -0.2598    ,  0.3535    , -0.7697E-02,  0.5642E-01, -0.5366E-01,  0.2147    ,  0.3011    ,  0.3719    ,  0.1950    , -0.2471    ,  0.6845E-01,  0.1585    ,  0.1884    , -0.1286    ,  0.9105E-01, -0.1431    ,  0.5727E-01, -0.1214    , -0.8830E-01
 -0.2350    ,  0.6509E-03, -0.3084    ,  0.1351    , -0.2341    ,  0.2279    ,  0.2041    , -0.4926E-01,  0.7333E-02,  0.9520E-01,  0.2163E-01,  0.2279    , -0.5513E-01,  0.3454    ,  0.2155    ,  0.2462    , -0.2752    , -0.3258    ,  0.2219    , -0.2080    ,  0.2006    , -0.9883E-01,  0.2374    ,  0.9425E-01
 -0.2353    ,  0.1475    , -0.8920E-01, -0.3261    , -0.1123    ,  0.7787E-01, -0.1126E-02, -0.4856    , -0.2736    ,  0.3910    , -0.3356    ,  0.1759    , -0.5041E-01,  0.4191E-01, -0.2729    , -0.1580    , -0.1286    ,  0.9087E-01, -0.1585    ,  0.9201E-01, -0.9990E-01,  0.7455E-01, -0.6483E-01, -0.3055E-01
 
 delta(i,j): 
 
   1.000    ,  0.9714E-16, -0.2914E-15, -0.1110E-15, -0.7980E-16, -0.8674E-16, -0.5150E-17,   0.000    , -0.9714E-16,  0.4163E-16, -0.6939E-16,  0.1943E-15, -0.1440E-15,  0.2255E-16,  0.2359E-15, -0.6939E-17,  0.1943E-15, -0.1388E-16,  0.1943E-15, -0.2637E-15,  0.1214E-15,  0.2845E-15, -0.7633E-16, -0.6245E-16
  0.9714E-16,   1.000    , -0.6765E-16, -0.1596E-15,  0.3539E-15, -0.9541E-16,  0.5594E-16,  0.5551E-16, -0.2914E-15,  0.2776E-16, -0.8327E-16,  0.4510E-16, -0.8500E-16, -0.1249E-15,  0.2776E-16,  0.2602E-15,  0.2255E-15, -0.6072E-16, -0.5204E-16,  0.6072E-16,  0.3001E-15,  0.1370E-15, -0.8674E-17,  0.1422E-15
 -0.2914E-15, -0.6765E-16,   1.000    ,  0.1041E-15, -0.7286E-16, -0.2333E-15, -0.1833E-15,  0.5551E-16, -0.6939E-17,  0.7633E-16,  0.2255E-15, -0.3469E-16,  0.2507E-15,  0.1002E-15,  0.1978E-15, -0.6418E-16, -0.1874E-15, -0.1197E-15,  0.9021E-16,  0.1318E-15,  0.5204E-17, -0.1180E-15,  0.5464E-16, -0.8674E-17
 -0.1110E-15, -0.1596E-15,  0.1041E-15,   1.000    ,  0.2290E-15, -0.1735E-16, -0.1676E-15, -0.1943E-15, -0.2776E-15,  0.8327E-16, -0.8327E-16, -0.9714E-16,  0.2602E-15,  0.7459E-16,  0.1804E-15,  0.8327E-16, -0.2082E-16, -0.1110E-15,  0.3123E-15,  0.9368E-16, -0.1249E-15,  0.8674E-16, -0.6592E-16,  0.8500E-16
 -0.7980E-16,  0.3539E-15, -0.7286E-16,  0.2290E-15,   1.000    ,  0.3816E-16, -0.1121E-15, -0.2082E-16, -0.1978E-15,  0.6939E-16,  0.4163E-16,  0.4857E-16, -0.2082E-16,  0.1214E-16,  0.6245E-16, -0.2984E-15,  0.1301E-15, -0.4684E-16,  0.3400E-15, -0.2394E-15, -0.1596E-15,  0.3591E-15,  0.4857E-16, -0.2602E-17
 -0.8674E-16, -0.9541E-16, -0.2333E-15, -0.1735E-16,  0.3816E-16,   1.000    , -0.1353E-15,  0.1665E-15, -0.1353E-15, -0.5551E-16,  0.1735E-16,  0.1041E-16,  0.1735E-17, -0.1418E-15, -0.1249E-15,  0.1769E-15, -0.3990E-16,  0.1743E-15,  0.5551E-16, -0.8413E-16,  0.1527E-15, -0.2229E-15,  0.6939E-16, -0.1084E-15
 -0.5150E-17,  0.5594E-16, -0.1833E-15, -0.1676E-15, -0.1121E-15, -0.1353E-15,   1.000    ,  0.2689E-16, -0.2765E-17,  0.1014E-15, -0.2610E-15,  0.2374E-16, -0.2707E-15,  0.1302E-15,  0.7763E-16,  0.1839E-15, -0.4852E-17,  0.7791E-16,  0.3659E-17,  0.1505E-15, -0.2246E-16,  0.1412E-15,  0.1381E-16,  0.5116E-17
   0.000    ,  0.5551E-16,  0.5551E-16, -0.1943E-15, -0.2082E-16,  0.1665E-15,  0.2689E-16,   1.000    , -0.1110E-15, -0.2220E-15, -0.5551E-16, -0.9714E-16, -0.1457E-15, -0.6939E-17,  0.5551E-16,  0.3192E-15,  0.1110E-15, -0.5551E-16,  0.6939E-16,   0.000    , -0.4163E-16,  0.2845E-15,  0.1388E-16,  0.1527E-15
 -0.9714E-16, -0.2914E-15, -0.6939E-17, -0.2776E-15, -0.1978E-15, -0.1353E-15, -0.2765E-17, -0.1110E-15,   1.000    ,   0.000    ,   0.000    ,  0.2845E-15, -0.1527E-15, -0.7633E-16,  0.2498E-15, -0.6245E-16,  0.5551E-16, -0.5898E-16, -0.2776E-16, -0.3469E-16,  0.2776E-16,  0.1353E-15,  0.9021E-16, -0.1388E-16
  0.4163E-16,  0.2776E-16,  0.7633E-16,  0.8327E-16,  0.6939E-16, -0.5551E-16,  0.1014E-15, -0.2220E-15,   0.000    ,   1.000    , -0.2776E-15,  0.8327E-16,  0.7286E-16, -0.5586E-15, -0.1388E-16, -0.1110E-15, -0.3469E-15,  0.1388E-16, -0.3192E-15,  0.8327E-16,  0.2776E-16, -0.9714E-16, -0.1041E-15,  0.1457E-15
 -0.6939E-16, -0.8327E-16,  0.2255E-15, -0.8327E-16,  0.4163E-16,  0.1735E-16, -0.2610E-15, -0.5551E-16,   0.000    , -0.2776E-15,   1.000    ,  0.7286E-15,  0.1492E-15,  0.2255E-16,  0.3053E-15,  0.2706E-15,  0.3400E-15,  0.1839E-15,  0.5551E-16, -0.1041E-16,  0.2082E-16, -0.1249E-15,  0.5898E-16, -0.2602E-15
  0.1943E-15,  0.4510E-16, -0.3469E-16, -0.9714E-16,  0.4857E-16,  0.1041E-16,  0.2374E-16, -0.9714E-16,  0.2845E-15,  0.8327E-16,  0.7286E-15,   1.000    ,  0.1110E-15, -0.1214E-15, -0.1735E-15,  0.7980E-16, -0.2741E-15, -0.2047E-15, -0.9368E-16,  0.1388E-15,  0.1388E-16,  0.5898E-16, -0.1422E-15,  0.7026E-16
 -0.1440E-15, -0.8500E-16,  0.2507E-15,  0.2602E-15, -0.2082E-16,  0.1735E-17, -0.2707E-15, -0.1457E-15, -0.1527E-15,  0.7286E-16,  0.1492E-15,  0.1110E-15,   1.000    ,  0.3222E-15, -0.4163E-16, -0.1908E-16, -0.1015E-15, -0.1128E-16,  0.2585E-15,  0.2602E-17, -0.7199E-16,  0.1583E-15,  0.1357E-15, -0.8305E-16
  0.2255E-16, -0.1249E-15,  0.1002E-15,  0.7459E-16,  0.1214E-16, -0.1418E-15,  0.1302E-15, -0.6939E-17, -0.7633E-16, -0.5586E-15,  0.2255E-16, -0.1214E-15,  0.3222E-15,   1.000    ,  0.3730E-15, -0.4363E-15,  0.2255E-16,  0.3816E-16,  0.2082E-15,  0.1258E-15, -0.2316E-15,  0.1236E-15,  0.1752E-15,  0.2927E-16
  0.2359E-15,  0.2776E-16,  0.1978E-15,  0.1804E-15,  0.6245E-16, -0.1249E-15,  0.7763E-16,  0.5551E-16,  0.2498E-15, -0.1388E-16,  0.3053E-15, -0.1735E-15, -0.4163E-16,  0.3730E-15,   1.000    , -0.2151E-15, -0.3123E-15, -0.2533E-15, -0.7633E-16,  0.1214E-15,  0.1388E-16, -0.2394E-15,  0.5898E-16,  0.5898E-16
 -0.6939E-17,  0.2602E-15, -0.6418E-16,  0.8327E-16, -0.2984E-15,  0.1769E-15,  0.1839E-15,  0.3192E-15, -0.6245E-16, -0.1110E-15,  0.2706E-15,  0.7980E-16, -0.1908E-16, -0.4363E-15, -0.2151E-15,   1.000    , -0.2949E-15, -0.3521E-15, -0.2082E-16, -0.2862E-15, -0.1943E-15,  0.2602E-16, -0.6072E-16,  0.5291E-16
  0.1943E-15,  0.2255E-15, -0.1874E-15, -0.2082E-16,  0.1301E-15, -0.3990E-16, -0.4852E-17,  0.1110E-15,  0.5551E-16, -0.3469E-15,  0.3400E-15, -0.2741E-15, -0.1015E-15,  0.2255E-16, -0.3123E-15, -0.2949E-15,   1.000    , -0.1735E-16, -0.4580E-15, -0.6765E-16,  0.3990E-15, -0.2012E-15, -0.4510E-16, -0.5117E-16
 -0.1388E-16, -0.6072E-16, -0.1197E-15, -0.1110E-15, -0.4684E-16,  0.1743E-15,  0.7791E-16, -0.5551E-16, -0.5898E-16,  0.1388E-16,  0.1839E-15, -0.2047E-15, -0.1128E-16,  0.3816E-16, -0.2533E-15, -0.3521E-15, -0.1735E-16,   1.000    , -0.1978E-15,  0.1197E-15,  0.3192E-15,  0.2455E-15,  0.1648E-16, -0.1201E-15
  0.1943E-15, -0.5204E-16,  0.9021E-16,  0.3123E-15,  0.3400E-15,  0.5551E-16,  0.3659E-17,  0.6939E-16, -0.2776E-16, -0.3192E-15,  0.5551E-16, -0.9368E-16,  0.2585E-15,  0.2082E-15, -0.7633E-16, -0.2082E-16, -0.4580E-15, -0.1978E-15,   1.000    , -0.7459E-16, -0.1978E-15, -0.2272E-15, -0.3990E-16, -0.1050E-15
 -0.2637E-15,  0.6072E-16,  0.1318E-15,  0.9368E-16, -0.2394E-15, -0.8413E-16,  0.1505E-15,   0.000    , -0.3469E-16,  0.8327E-16, -0.1041E-16,  0.1388E-15,  0.2602E-17,  0.1258E-15,  0.1214E-15, -0.2862E-15, -0.6765E-16,  0.1197E-15, -0.7459E-16,   1.000    , -0.1088E-14,  0.6462E-15,  0.1128E-16,  0.1193E-15
  0.1214E-15,  0.3001E-15,  0.5204E-17, -0.1249E-15, -0.1596E-15,  0.1527E-15, -0.2246E-16, -0.4163E-16,  0.2776E-16,  0.2776E-16,  0.2082E-16,  0.1388E-16, -0.7199E-16, -0.2316E-15,  0.1388E-16, -0.1943E-15,  0.3990E-15,  0.3192E-15, -0.1978E-15, -0.1088E-14,   1.000    , -0.5855E-15,  0.2116E-15,  0.9888E-16
  0.2845E-15,  0.1370E-15, -0.1180E-15,  0.8674E-16,  0.3591E-15, -0.2229E-15,  0.1412E-15,  0.2845E-15,  0.1353E-15, -0.9714E-16, -0.1249E-15,  0.5898E-16,  0.1583E-15,  0.1236E-15, -0.2394E-15,  0.2602E-16, -0.2012E-15,  0.2455E-15, -0.2272E-15,  0.6462E-15, -0.5855E-15,   1.000    , -0.6245E-16, -0.5265E-15
 -0.7633E-16, -0.8674E-17,  0.5464E-16, -0.6592E-16,  0.4857E-16,  0.6939E-16,  0.1381E-16,  0.1388E-16,  0.9021E-16, -0.1041E-15,  0.5898E-16, -0.1422E-15,  0.1357E-15,  0.1752E-15,  0.5898E-16, -0.6072E-16, -0.4510E-16,  0.1648E-16, -0.3990E-16,  0.1128E-16,  0.2116E-15, -0.6245E-16,   1.000    ,  0.6254E-15
 -0.6245E-16,  0.1422E-15, -0.8674E-17,  0.8500E-16, -0.2602E-17, -0.1084E-15,  0.5116E-17,  0.1527E-15, -0.1388E-16,  0.1457E-15, -0.2602E-15,  0.7026E-16, -0.8305E-16,  0.2927E-16,  0.5898E-16,  0.5291E-16, -0.5117E-16, -0.1201E-15, -0.1050E-15,  0.1193E-15,  0.9888E-16, -0.5265E-15,  0.6254E-15,   1.000    
 
 rxyz0: 
 
 -0.2571E-04,  0.2571E-04,  -1.920    ,  0.9602    ,  0.9602    ,   1.920    , -0.9602    , -0.9602    
   0.000    ,   0.000    ,   0.000    ,   1.663    ,  -1.663    ,   0.000    ,  -1.663    ,   1.663    
   1.428    ,  -1.428    ,   2.174    ,   2.174    ,   2.174    ,  -2.174    ,  -2.174    ,  -2.174    
 
 new_masses: 
 
   1849.    
   2181.    
   2181.    
   2708.    
   2503.    
   2503.    
   2579.    
   2468.    
   3284.    
   3286.    
   3562.    
   5816.    
   2795.    
   4346.    
   4040.    
   4145.    
   4468.    
   4468.    
 
 sigma2 from ew, modifier = 1.75
 
  0.7500    
  0.2072    
  0.2072    
  0.1389    
  0.1250    
  0.1250    
  0.1080    
  0.1104    
  0.8134E-01
  0.8132E-01
  0.7424E-01
  0.4547E-01
  0.4783E-01
  0.3059E-01
  0.3173E-01
  0.3093E-01
  0.2849E-01
  0.2849E-01
 
 e0 theory =   7.247172159063667E-002
 Input etot:   -5.69922746240000     
Step     1 of   200--------------------------------
 number of walkers =          100
 et =   -5.64849046748748     
 e0 =   -5.65287657110035     
Step     2 of   200--------------------------------
 number of walkers =          100
 et =   -5.64506106684410     
 e0 =   -5.64919419786463     
Step     3 of   200--------------------------------
 number of walkers =           99
 et =   -5.64174627757072     
 e0 =   -5.64572882559855     
Step     4 of   200--------------------------------
 number of walkers =           98
 et =   -5.63911058626724     
 e0 =   -5.64283019773678     
Step     5 of   200--------------------------------
 number of walkers =           96
 et =   -5.63646753907096     
 e0 =   -5.63997629066352     
Step     6 of   200--------------------------------
 number of walkers =           92
 et =   -5.63543384058783     
 e0 =   -5.63872441505142     
Step     7 of   200--------------------------------
 number of walkers =           89
 et =   -5.63441663210968     
 e0 =   -5.63745233155090     
Step     8 of   200--------------------------------
 number of walkers =           87
 et =   -5.63326629099141     
 e0 =   -5.63613227593359     
Step     9 of   200--------------------------------
 number of walkers =           84
 et =   -5.63270325980463     
 e0 =   -5.63537818648264     
Step    10 of   200--------------------------------
 number of walkers =           83
 et =   -5.63152138627945     
 e0 =   -5.63400053308274     
Step    11 of   200--------------------------------
 number of walkers =           81
 et =   -5.63009561596284     
 e0 =   -5.63246814004139     
Step    12 of   200--------------------------------
 number of walkers =           80
 et =   -5.62764888233020     
 e0 =   -5.62990781805896     
Step    13 of   200--------------------------------
 number of walkers =           82
 et =   -5.62852058306220     
 e0 =   -5.63052284057978     
Step    14 of   200--------------------------------
 number of walkers =           79
 et =   -5.62865972606148     
 e0 =   -5.63046513163185     
Step    15 of   200--------------------------------
 number of walkers =           80
 et =   -5.62850156383533     
 e0 =   -5.63013603903101     
Step    16 of   200--------------------------------
 number of walkers =           80
 et =   -5.62812013818426     
 e0 =   -5.62968055702409     
Step    17 of   200--------------------------------
 number of walkers =           79
 et =   -5.62600871948574     
 e0 =   -5.62753472223774     
Step    18 of   200--------------------------------
 number of walkers =           79
 et =   -5.62673763412030     
 e0 =   -5.62812926854450     
Step    19 of   200--------------------------------
 number of walkers =           77
 et =   -5.62597780383191     
 e0 =   -5.62727625870860     
Step    20 of   200--------------------------------
 number of walkers =           77
 et =   -5.62640923427538     
 e0 =   -5.62762569129805     
Step    21 of   200--------------------------------
 number of walkers =           79
 et =   -5.62657913810096     
 e0 =   -5.62771495330961     
Step    22 of   200--------------------------------
 number of walkers =           78
 et =   -5.62727153736499     
 e0 =   -5.62826438890137     
Step    23 of   200--------------------------------
 number of walkers =           78
 et =   -5.62876318720515     
 e0 =   -5.62963649885844     
Step    24 of   200--------------------------------
 number of walkers =           80
 et =   -5.62787421251134     
 e0 =   -5.62869395839520     
Step    25 of   200--------------------------------
 number of walkers =           82
 et =   -5.62576992430630     
 e0 =   -5.62667991401436     
Step    26 of   200--------------------------------
 number of walkers =           81
 et =   -5.62473801153037     
 e0 =   -5.62566447741496     
Step    27 of   200--------------------------------
 number of walkers =           81
 et =   -5.62523607717251     
 e0 =   -5.62606833644917     
Step    28 of   200--------------------------------
 number of walkers =           81
 et =   -5.62525661306618     
 e0 =   -5.62610559900220     
Step    29 of   200--------------------------------
 number of walkers =           81
 et =   -5.62578046258145     
 e0 =   -5.62652192603336     
Step    30 of   200--------------------------------
 number of walkers =           82
 et =   -5.62649281750851     
 e0 =   -5.62720090619982     
Step    31 of   200--------------------------------
 number of walkers =           83
 et =   -5.62805324660628     
 e0 =   -5.62862578535757     
Step    32 of   200--------------------------------
 number of walkers =           82
 et =   -5.62590772596482     
 e0 =   -5.62652180497605     
Step    33 of   200--------------------------------
 number of walkers =           83
 et =   -5.62556897152595     
 e0 =   -5.62619056351443     
Step    34 of   200--------------------------------
 number of walkers =           83
 et =   -5.62633167881399     
 e0 =   -5.62685706364541     
Step    35 of   200--------------------------------
 number of walkers =           82
 et =   -5.62443578702201     
 e0 =   -5.62505556061164     
Step    36 of   200--------------------------------
 number of walkers =           81
 et =   -5.62385142545094     
 e0 =   -5.62442751690676     
Step    37 of   200--------------------------------
 number of walkers =           86
 et =   -5.62509044100428     
 e0 =   -5.62555792430683     
Step    38 of   200--------------------------------
 number of walkers =           84
 et =   -5.62460074180815     
 e0 =   -5.62502717145919     
Step    39 of   200--------------------------------
 number of walkers =           83
 et =   -5.62435159532871     
 e0 =   -5.62479813784946     
Step    40 of   200--------------------------------
 number of walkers =           83
 et =   -5.62510769910305     
 e0 =   -5.62548138279738     
Step    41 of   200--------------------------------
 number of walkers =           84
 et =   -5.62345210911297     
 e0 =   -5.62390846846274     
Step    42 of   200--------------------------------
 number of walkers =           83
 et =   -5.62516286364334     
 e0 =   -5.62551149009668     
Step    43 of   200--------------------------------
 number of walkers =           85
 et =   -5.62587001362212     
 e0 =   -5.62622384663079     
Step    44 of   200--------------------------------
 number of walkers =           87
 et =   -5.62525080067730     
 e0 =   -5.62561766545851     
Step    45 of   200--------------------------------
 number of walkers =           86
 et =   -5.62528306294406     
 e0 =   -5.62565028656122     
Step    46 of   200--------------------------------
 number of walkers =           87
 et =   -5.62564969976012     
 e0 =   -5.62597021536353     
Step    47 of   200--------------------------------
 number of walkers =           86
 et =   -5.62561616330958     
 e0 =   -5.62595210829893     
Step    48 of   200--------------------------------
 number of walkers =           85
 et =   -5.62482315685863     
 e0 =   -5.62521797367219     
Step    49 of   200--------------------------------
 number of walkers =           86
 et =   -5.62440767601156     
 e0 =   -5.62484593052059     
Step    50 of   200--------------------------------
 number of walkers =           86
 et =   -5.62479828044081     
 e0 =   -5.62522651396649     
Step    51 of   200--------------------------------
 number of walkers =           87
 et =   -5.62495055908053     
 e0 =   -5.62540444602364     
Step    52 of   200--------------------------------
 number of walkers =           87
 et =   -5.62571906901221     
 e0 =   -5.62616679158730     
Step    53 of   200--------------------------------
 number of walkers =           87
 et =   -5.62431769904347     
 e0 =   -5.62477756737246     
Step    54 of   200--------------------------------
 number of walkers =           87
 et =   -5.62355508854123     
 e0 =   -5.62404611176281     
Step    55 of   200--------------------------------
 number of walkers =           86
 et =   -5.62336409871119     
 e0 =   -5.62386100246209     
Step    56 of   200--------------------------------
 number of walkers =           85
 et =   -5.62232304313590     
 e0 =   -5.62287110425528     
Step    57 of   200--------------------------------
 number of walkers =           84
 et =   -5.62135189710031     
 e0 =   -5.62189621738465     
Step    58 of   200--------------------------------
 number of walkers =           84
 et =   -5.62202366926863     
 e0 =   -5.62249283691480     
Step    59 of   200--------------------------------
 number of walkers =           85
 et =   -5.62304741722659     
 e0 =   -5.62342086071271     
Step    60 of   200--------------------------------
 number of walkers =           88
 et =   -5.62283318319488     
 e0 =   -5.62319763114590     
Step    61 of   200--------------------------------
 number of walkers =           87
 et =   -5.62252959198204     
 e0 =   -5.62291858201701     
Step    62 of   200--------------------------------
 number of walkers =           87
 et =   -5.62321001933600     
 e0 =   -5.62353490845926     
Step    63 of   200--------------------------------
 number of walkers =           87
 et =   -5.62465231838121     
 e0 =   -5.62487678229871     
Step    64 of   200--------------------------------
 number of walkers =           85
 et =   -5.62494879005436     
 e0 =   -5.62514657701540     
Step    65 of   200--------------------------------
 number of walkers =           87
 et =   -5.62400488013949     
 e0 =   -5.62423006884868     
Step    66 of   200--------------------------------
 number of walkers =           86
 et =   -5.62415089518484     
 e0 =   -5.62438421829706     
Step    67 of   200--------------------------------
 number of walkers =           85
 et =   -5.62387432451540     
 e0 =   -5.62418201913939     
Step    68 of   200--------------------------------
 number of walkers =           84
 et =   -5.62503609011994     
 e0 =   -5.62531327847680     
Step    69 of   200--------------------------------
 number of walkers =           82
 et =   -5.62528869088939     
 e0 =   -5.62558131466677     
Step    70 of   200--------------------------------
 number of walkers =           83
 et =   -5.62509357569102     
 e0 =   -5.62535499554255     
Step    71 of   200--------------------------------
 number of walkers =           84
 et =   -5.62646051604229     
 e0 =   -5.62663299392384     
Step    72 of   200--------------------------------
 number of walkers =           86
 et =   -5.62646814417169     
 e0 =   -5.62662129140785     
Step    73 of   200--------------------------------
 number of walkers =           84
 et =   -5.62693440725375     
 e0 =   -5.62710480732330     
Step    74 of   200--------------------------------
 number of walkers =           88
 et =   -5.62703789501587     
 e0 =   -5.62718722845912     
Step    75 of   200--------------------------------
 number of walkers =           85
 et =   -5.62722807965458     
 e0 =   -5.62739934336878     
Step    76 of   200--------------------------------
 number of walkers =           86
 et =   -5.62758454409389     
 e0 =   -5.62773084527564     
Step    77 of   200--------------------------------
 number of walkers =           86
 et =   -5.62816151955372     
 e0 =   -5.62831190035627     
Step    78 of   200--------------------------------
 number of walkers =           87
 et =   -5.62718230594356     
 e0 =   -5.62738919199865     
Step    79 of   200--------------------------------
 number of walkers =           90
 et =   -5.62873031193879     
 e0 =   -5.62884527343524     
Step    80 of   200--------------------------------
 number of walkers =           90
 et =   -5.62765260383079     
 e0 =   -5.62793549736285     
Step    81 of   200--------------------------------
 number of walkers =           88
 et =   -5.62595657406461     
 e0 =   -5.62630151836083     
Step    82 of   200--------------------------------
 number of walkers =           87
 et =   -5.62676470219053     
 e0 =   -5.62709036703737     
Step    83 of   200--------------------------------
 number of walkers =           89
 et =   -5.62849259497717     
 e0 =   -5.62871442970487     
Step    84 of   200--------------------------------
 number of walkers =           86
 et =   -5.62740647863253     
 e0 =   -5.62765683884290     
Step    85 of   200--------------------------------
 number of walkers =           85
 et =   -5.62768180325668     
 e0 =   -5.62789131044015     
Step    86 of   200--------------------------------
 number of walkers =           88
 et =   -5.62740762490546     
 e0 =   -5.62760872676253     
Step    87 of   200--------------------------------
 number of walkers =           84
 et =   -5.62634629686631     
 e0 =   -5.62662912944135     
Step    88 of   200--------------------------------
 number of walkers =           84
 et =   -5.62632189946039     
 e0 =   -5.62657991281236     
Step    89 of   200--------------------------------
 number of walkers =           84
 et =   -5.62432609528928     
 e0 =   -5.62464519063975     
Step    90 of   200--------------------------------
 number of walkers =           82
 et =   -5.62655092802409     
 e0 =   -5.62679159742535     
Step    91 of   200--------------------------------
 number of walkers =           80
 et =   -5.62518617662741     
 e0 =   -5.62547221830815     
Step    92 of   200--------------------------------
 number of walkers =           86
 et =   -5.62523470823565     
 e0 =   -5.62551049618552     
Step    93 of   200--------------------------------
 number of walkers =           85
 et =   -5.62547408770930     
 e0 =   -5.62571244564540     
Step    94 of   200--------------------------------
 number of walkers =           83
 et =   -5.62606156719669     
 e0 =   -5.62626100512904     
Step    95 of   200--------------------------------
 number of walkers =           83
 et =   -5.62505133493233     
 e0 =   -5.62533503395360     
Step    96 of   200--------------------------------
 number of walkers =           84
 et =   -5.62581149089770     
 e0 =   -5.62603897244595     
Step    97 of   200--------------------------------
 number of walkers =           88
 et =   -5.62457828304314     
 e0 =   -5.62489246874944     
Step    98 of   200--------------------------------
 number of walkers =           85
 et =   -5.62446297495413     
 e0 =   -5.62483351115703     
Step    99 of   200--------------------------------
 number of walkers =           87
 et =   -5.62410818374316     
 e0 =   -5.62446251243426     
Step   100 of   200--------------------------------
 number of walkers =           86
 et =   -5.62388597600754     
 e0 =   -5.62419991353898     
Step   101 of   200--------------------------------
 number of walkers =           89
 et =   -5.62244118301039     
 e0 =   -5.62279032630031     
Step   102 of   200--------------------------------
 number of walkers =           87
 et =   -5.62326857904037     
 e0 =   -5.62359225761151     
Step   103 of   200--------------------------------
 number of walkers =           86
 et =   -5.62339108880375     
 e0 =   -5.62367522652613     
Step   104 of   200--------------------------------
 number of walkers =           83
 et =   -5.62436291823439     
 e0 =   -5.62465414865375     
Step   105 of   200--------------------------------
 number of walkers =           85
 et =   -5.62448197047979     
 e0 =   -5.62478152719623     
Step   106 of   200--------------------------------
 number of walkers =           85
 et =   -5.62254874635572     
 e0 =   -5.62305899326615     
Step   107 of   200--------------------------------
 number of walkers =           86
 et =   -5.62171588346045     
 e0 =   -5.62225222810944     
Step   108 of   200--------------------------------
 number of walkers =           84
 et =   -5.62169909053842     
 e0 =   -5.62219862937905     
Step   109 of   200--------------------------------
 number of walkers =           84
 et =   -5.62198613078030     
