SLURM_NTASKS: 1
SLURM_NTASKS_PER_NODE: 1
SLURM_CPUS_PER_TASK: 1
 delta_t =    10.0000000000000     
 hessian: 
 
  0.2503E-04, -0.1202E-12, -0.7563E-08, -0.3769E-05, -0.4897E-12, -0.2002E-07, -0.4159E-04,  0.4503E-10,  0.1220E-04, -0.1620E-04, -0.1476E-04, -0.6043E-05, -0.1620E-04,  0.1476E-04, -0.6043E-05,  0.3985E-06,  0.9547E-09,  0.5137E-05,  0.9116E-07,  0.1630E-06, -0.2578E-05,  0.9193E-07, -0.1621E-06, -0.2578E-05
 -0.1202E-12,  0.2502E-04, -0.3550E-09, -0.2245E-12, -0.3769E-05, -0.7273E-09, -0.8691E-12, -0.7662E-05,  0.1056E-09, -0.1476E-04, -0.3316E-04, -0.1044E-04,  0.1476E-04, -0.3316E-04,  0.1044E-04, -0.6728E-10,  0.5576E-08,  0.4007E-09,  0.1499E-06,  0.2893E-06, -0.4454E-05, -0.1493E-06,  0.2885E-06,  0.4455E-05
 -0.7563E-08, -0.3550E-09,  0.2213E-04, -0.2004E-07, -0.7272E-09, -0.1017E-04,  0.1219E-04,  0.2387E-09, -0.1190E-04, -0.6036E-05, -0.1043E-04, -0.1179E-04, -0.6036E-05,  0.1043E-04, -0.1179E-04,  0.2535E-06,  0.1254E-09, -0.1963E-05, -0.1361E-06, -0.2252E-06, -0.1935E-05, -0.1372E-06,  0.2275E-06, -0.1936E-05
 -0.3769E-05, -0.2245E-12, -0.2004E-07,  0.2503E-04, -0.3355E-12, -0.7874E-08,  0.4008E-06,  0.9545E-09,  0.5137E-05,  0.9207E-07,  0.1641E-06, -0.2577E-05,  0.9284E-07, -0.1632E-06, -0.2578E-05, -0.4159E-04,  0.4563E-10,  0.1220E-04, -0.1620E-04, -0.1476E-04, -0.6043E-05, -0.1620E-04,  0.1476E-04, -0.6043E-05
 -0.4897E-12, -0.3769E-05, -0.7272E-09, -0.3355E-12,  0.2502E-04, -0.3550E-09,  0.1848E-11,  0.5575E-08,  0.4004E-09,  0.1499E-06,  0.2893E-06, -0.4454E-05, -0.1493E-06,  0.2885E-06,  0.4455E-05, -0.1182E-10, -0.7662E-05,  0.1049E-09, -0.1476E-04, -0.3316E-04, -0.1044E-04,  0.1476E-04, -0.3316E-04,  0.1044E-04
 -0.2002E-07, -0.7273E-09, -0.1017E-04, -0.7874E-08, -0.3550E-09,  0.2213E-04,  0.2530E-06,  0.1254E-09, -0.1963E-05, -0.1361E-06, -0.2252E-06, -0.1935E-05, -0.1372E-06,  0.2275E-06, -0.1936E-05,  0.1219E-04,  0.2386E-09, -0.1190E-04, -0.6036E-05, -0.1043E-04, -0.1179E-04, -0.6036E-05,  0.1043E-04, -0.1179E-04
 -0.4159E-04, -0.8691E-12,  0.1219E-04,  0.4008E-06,  0.1848E-11,  0.2530E-06,  0.1508E-03, -0.5799E-09, -0.4800E-04, -0.4995E-05,  0.2010E-05,  0.2773E-05, -0.4996E-05, -0.2010E-05,  0.2773E-05,  0.8970E-06, -0.1404E-08, -0.4246E-06,  0.2782E-06,  0.5519E-08, -0.4647E-07,  0.2762E-06, -0.7437E-08, -0.4524E-07
  0.4503E-10, -0.7662E-05,  0.2387E-09,  0.9545E-09,  0.5575E-08,  0.1254E-09, -0.5799E-09,  0.2348E-04,  0.1995E-09, -0.1247E-04,  0.1059E-05,  0.4979E-05,  0.1247E-04,  0.1059E-05, -0.4979E-05, -0.1380E-08,  0.5547E-06,  0.3967E-09,  0.2237E-06,  0.1447E-06,  0.1330E-06, -0.2255E-06,  0.1467E-06, -0.1343E-06
  0.1220E-04,  0.1056E-09, -0.1190E-04,  0.5137E-05,  0.4004E-09, -0.1963E-05, -0.4800E-04,  0.1995E-09,  0.4591E-04, -0.5634E-05,  0.8024E-07,  0.1589E-05, -0.5633E-05, -0.8065E-07,  0.1590E-05, -0.4269E-06,  0.3968E-09, -0.3175E-05, -0.9074E-07,  0.1087E-06,  0.9802E-06, -0.8938E-07, -0.1092E-06,  0.9803E-06
 -0.1620E-04, -0.1476E-04, -0.6036E-05,  0.9207E-07,  0.1499E-06, -0.1361E-06, -0.4995E-05, -0.1247E-04, -0.5634E-05,  0.5553E-04,  0.5538E-04,  0.2381E-04,  0.4099E-05,  0.7262E-05,  0.2893E-05,  0.2785E-06,  0.2237E-06, -0.9074E-07,  0.6423E-06,  0.1514E-06,  0.1954E-06,  0.7935E-07, -0.1093E-06,  0.1431E-06
 -0.1476E-04, -0.3316E-04, -0.1043E-04,  0.1641E-06,  0.2893E-06, -0.2252E-06,  0.2010E-05,  0.1059E-05,  0.8024E-07,  0.5538E-04,  0.1192E-03,  0.4112E-04, -0.7263E-05, -0.8015E-05, -0.4831E-05,  0.4978E-08,  0.1447E-06,  0.1087E-06,  0.1514E-06,  0.8147E-06,  0.3589E-06,  0.1085E-06,  0.3429E-06, -0.2590E-07
 -0.6043E-05, -0.1044E-04, -0.1179E-04, -0.2577E-05, -0.4454E-05, -0.1935E-05,  0.2773E-05,  0.4979E-05,  0.1589E-05,  0.2381E-04,  0.4112E-04,  0.4546E-04,  0.2893E-05,  0.4831E-05,  0.1563E-05, -0.4697E-07,  0.1330E-06,  0.9802E-06,  0.1954E-06,  0.3589E-06, -0.3176E-05,  0.1434E-06,  0.2432E-07,  0.9800E-06
 -0.1620E-04,  0.1476E-04, -0.6036E-05,  0.9284E-07, -0.1493E-06, -0.1372E-06, -0.4996E-05,  0.1247E-04, -0.5633E-05,  0.4099E-05, -0.7263E-05,  0.2893E-05,  0.5553E-04, -0.5539E-04,  0.2381E-04,  0.2764E-06, -0.2255E-06, -0.8938E-07,  0.7935E-07,  0.1085E-06,  0.1434E-06,  0.6424E-06, -0.1532E-06,  0.1970E-06
  0.1476E-04, -0.3316E-04,  0.1043E-04, -0.1632E-06,  0.2885E-06,  0.2275E-06, -0.2010E-05,  0.1059E-05, -0.8065E-07,  0.7262E-05, -0.8015E-05,  0.4831E-05, -0.5539E-04,  0.1192E-03, -0.4112E-04, -0.6697E-08,  0.1467E-06, -0.1092E-06, -0.1093E-06,  0.3429E-06,  0.2432E-07, -0.1532E-06,  0.8175E-06, -0.3618E-06
 -0.6043E-05,  0.1044E-04, -0.1179E-04, -0.2578E-05,  0.4455E-05, -0.1936E-05,  0.2773E-05, -0.4979E-05,  0.1590E-05,  0.2893E-05, -0.4831E-05,  0.1563E-05,  0.2381E-04, -0.4112E-04,  0.4546E-04, -0.4582E-07, -0.1343E-06,  0.9803E-06,  0.1431E-06, -0.2590E-07,  0.9800E-06,  0.1970E-06, -0.3618E-06, -0.3174E-05
  0.3985E-06, -0.6728E-10,  0.2535E-06, -0.4159E-04, -0.1182E-10,  0.1219E-04,  0.8970E-06, -0.1380E-08, -0.4269E-06,  0.2785E-06,  0.4978E-08, -0.4697E-07,  0.2764E-06, -0.6697E-08, -0.4582E-07,  0.1508E-03, -0.5752E-09, -0.4800E-04, -0.4995E-05,  0.2010E-05,  0.2773E-05, -0.4996E-05, -0.2010E-05,  0.2772E-05
  0.9547E-09,  0.5576E-08,  0.1254E-09,  0.4563E-10, -0.7662E-05,  0.2386E-09, -0.1404E-08,  0.5547E-06,  0.3968E-09,  0.2237E-06,  0.1447E-06,  0.1330E-06, -0.2255E-06,  0.1467E-06, -0.1343E-06, -0.5752E-09,  0.2348E-04,  0.2010E-09, -0.1247E-04,  0.1059E-05,  0.4979E-05,  0.1247E-04,  0.1059E-05, -0.4979E-05
  0.5137E-05,  0.4007E-09, -0.1963E-05,  0.1220E-04,  0.1049E-09, -0.1190E-04, -0.4246E-06,  0.3967E-09, -0.3175E-05, -0.9074E-07,  0.1087E-06,  0.9802E-06, -0.8938E-07, -0.1092E-06,  0.9803E-06, -0.4800E-04,  0.2010E-09,  0.4591E-04, -0.5634E-05,  0.8024E-07,  0.1589E-05, -0.5633E-05, -0.8065E-07,  0.1590E-05
  0.9116E-07,  0.1499E-06, -0.1361E-06, -0.1620E-04, -0.1476E-04, -0.6036E-05,  0.2782E-06,  0.2237E-06, -0.9074E-07,  0.6423E-06,  0.1514E-06,  0.1954E-06,  0.7935E-07, -0.1093E-06,  0.1431E-06, -0.4995E-05, -0.1247E-04, -0.5634E-05,  0.5553E-04,  0.5538E-04,  0.2381E-04,  0.4099E-05,  0.7262E-05,  0.2893E-05
  0.1630E-06,  0.2893E-06, -0.2252E-06, -0.1476E-04, -0.3316E-04, -0.1043E-04,  0.5519E-08,  0.1447E-06,  0.1087E-06,  0.1514E-06,  0.8147E-06,  0.3589E-06,  0.1085E-06,  0.3429E-06, -0.2590E-07,  0.2010E-05,  0.1059E-05,  0.8024E-07,  0.5538E-04,  0.1192E-03,  0.4112E-04, -0.7263E-05, -0.8014E-05, -0.4831E-05
 -0.2578E-05, -0.4454E-05, -0.1935E-05, -0.6043E-05, -0.1044E-04, -0.1179E-04, -0.4647E-07,  0.1330E-06,  0.9802E-06,  0.1954E-06,  0.3589E-06, -0.3176E-05,  0.1434E-06,  0.2432E-07,  0.9800E-06,  0.2773E-05,  0.4979E-05,  0.1589E-05,  0.2381E-04,  0.4112E-04,  0.4546E-04,  0.2893E-05,  0.4831E-05,  0.1563E-05
  0.9193E-07, -0.1493E-06, -0.1372E-06, -0.1620E-04,  0.1476E-04, -0.6036E-05,  0.2762E-06, -0.2255E-06, -0.8938E-07,  0.7935E-07,  0.1085E-06,  0.1434E-06,  0.6424E-06, -0.1532E-06,  0.1970E-06, -0.4996E-05,  0.1247E-04, -0.5633E-05,  0.4099E-05, -0.7263E-05,  0.2893E-05,  0.5553E-04, -0.5539E-04,  0.2381E-04
 -0.1621E-06,  0.2885E-06,  0.2275E-06,  0.1476E-04, -0.3316E-04,  0.1043E-04, -0.7437E-08,  0.1467E-06, -0.1092E-06, -0.1093E-06,  0.3429E-06,  0.2432E-07, -0.1532E-06,  0.8175E-06, -0.3618E-06, -0.2010E-05,  0.1059E-05, -0.8065E-07,  0.7262E-05, -0.8014E-05,  0.4831E-05, -0.5539E-04,  0.1192E-03, -0.4112E-04
 -0.2578E-05,  0.4455E-05, -0.1936E-05, -0.6043E-05,  0.1044E-04, -0.1179E-04, -0.4524E-07, -0.1343E-06,  0.9803E-06,  0.1431E-06, -0.2590E-07,  0.9800E-06,  0.1970E-06, -0.3618E-06, -0.3174E-05,  0.2772E-05, -0.4979E-05,  0.1590E-05,  0.2893E-05, -0.4831E-05,  0.1563E-05,  0.2381E-04, -0.4112E-04,  0.4546E-04
 
 eigenvalues_full: 
 
 -0.2808E-08
 -0.1322E-08
 -0.3670E-09
 -0.1724E-12
 -0.1346E-12
 -0.3640E-13
  0.1592E-05
  0.1499E-04
  0.1500E-04
  0.2166E-04
  0.3129E-04
  0.3130E-04
  0.3947E-04
  0.4125E-04
  0.4290E-04
  0.4291E-04
  0.4379E-04
  0.4379E-04
  0.1714E-03
  0.1733E-03
  0.1864E-03
  0.1864E-03
  0.1890E-03
  0.1890E-03
 
 eigenvectors: 
 
 -0.1673E-02, -0.5272    , -0.9814E-03,  0.3817E-01,  0.4278    , -0.4618    , -0.2056E-05, -0.7983E-03,  0.1606    , -0.2001E-02,  0.7357E-03, -0.4143    , -0.8982E-03,  0.1330E-02, -0.5535E-02,  0.6915E-01,  0.4278E-01, -0.1577    , -0.3837E-03,  0.2628E-03, -0.1105    ,  0.1874    , -0.1893    , -0.1101    
 -0.4522    ,  0.8780E-03,  0.2677    ,  0.2416    ,  0.4183    ,  0.4076    , -0.1240E-04, -0.1606    , -0.7875E-03, -0.1850E-04, -0.4143    , -0.7299E-03, -0.2352E-04, -0.1132E-04,  0.6926E-01,  0.5552E-02,  0.1577    ,  0.4277E-01,  0.8173E-05,  0.6324E-04,  0.1873    ,  0.1105    , -0.1101    ,  0.1894    
 -0.6827E-05,  0.1686E-02,  0.2290E-05, -0.5828    ,  0.2016    ,  0.1386    ,  0.1867E-05,  0.7218E-05, -0.5432E-03, -0.5775    ,  0.1910E-04,  0.1700E-02, -0.2922    ,  0.3882    ,  0.5720E-04, -0.1250E-04, -0.1594E-03,  0.4514E-03, -0.1260    ,  0.1226    ,  0.3315E-03, -0.5422E-03,  0.5555E-03,  0.2709E-03
  0.1630E-02,  0.5239    ,  0.1103E-02,  0.3840E-01,  0.4297    , -0.4638    , -0.2022E-05, -0.7980E-03,  0.1606    ,  0.1990E-02, -0.7357E-03,  0.4143    , -0.8822E-03, -0.1309E-02,  0.5538E-02, -0.6918E-01,  0.4277E-01, -0.1577    ,  0.3990E-03,  0.3130E-03,  0.1104    , -0.1872    , -0.1895    , -0.1102    
  0.4522    , -0.8949E-03, -0.2678    ,  0.2416    ,  0.4184    ,  0.4075    , -0.1253E-04, -0.1606    , -0.7874E-03,  0.1849E-04,  0.4143    ,  0.7298E-03, -0.2343E-04,  0.1187E-04, -0.6926E-01, -0.5554E-02,  0.1577    ,  0.4277E-01, -0.6825E-05,  0.6211E-04, -0.1873    , -0.1105    , -0.1101    ,  0.1894    
 -0.3667E-04, -0.1624E-02, -0.2036E-04, -0.5828    ,  0.2016    ,  0.1386    ,  0.1867E-05,  0.7078E-05, -0.5199E-03,  0.5775    , -0.1898E-04, -0.1685E-02, -0.2923    , -0.3881    , -0.5590E-04,  0.1641E-05, -0.1482E-03,  0.4145E-03,  0.1259    ,  0.1228    , -0.3475E-03,  0.5681E-03,  0.5635E-03,  0.2747E-03
 -0.7347E-03, -0.2327    , -0.4473E-03,  0.1103E-01,  0.1237    , -0.1336    ,  0.3004E-05,  0.7521E-03, -0.1516    , -0.2323E-01, -0.7834E-04,  0.4586E-01,  0.1591    , -0.1568    , -0.9693E-02,  0.1207    ,  0.3299E-01, -0.1216    , -0.3765    ,  0.3761    ,  0.2604    , -0.4415    ,  0.4413    ,  0.2565    
 -0.4073    ,  0.1737E-02, -0.2332    ,  0.6999E-01,  0.1211    ,  0.1180    , -0.4082    ,  0.2195    ,  0.1080E-02,  0.2201E-06,  0.2188    ,  0.3758E-03,  0.5381E-04,  0.7336E-04, -0.4798    , -0.3847E-01, -0.4841    , -0.1313    ,  0.6882E-05,  0.3937E-05,  0.9313E-02,  0.5481E-02, -0.3534E-02,  0.6049E-02
 -0.6434E-03, -0.2039    , -0.4061E-03, -0.1688    ,  0.5801E-01,  0.4052E-01, -0.1189E-05,  0.2448E-02, -0.4949    , -0.2342    , -0.7194E-03,  0.4109    ,  0.3360    , -0.3035    , -0.2318E-01,  0.2884    ,  0.5744E-01, -0.2116    ,  0.1408    , -0.1425    , -0.1005    ,  0.1703    , -0.1735    , -0.1008    
 -0.1804    , -0.2306    , -0.3049    ,  0.1105E-01,  0.1237    , -0.1336    , -0.3536    , -0.3041E-01, -0.2016    ,  0.1057E-01, -0.7681E-01,  0.1746    , -0.7802E-01,  0.7696E-01,  0.2853    , -0.3095    ,  0.1711    ,  0.4041    ,  0.1889    , -0.1886    , -0.1346    , -0.2194    ,  0.2194    , -0.1327    
 -0.9530E-01, -0.2855E-03,  0.2937    ,  0.6998E-01,  0.1211    ,  0.1180    ,  0.2041    ,  0.1673    ,  0.3090E-01,  0.1949E-01,  0.8833E-01, -0.7526E-01, -0.1368    ,  0.1348    , -0.5085E-01,  0.2573    ,  0.4075E-01, -0.2703    ,  0.3263    , -0.3258    , -0.2138    , -0.3896    ,  0.3860    , -0.2171    
  0.1534    ,  0.1028    , -0.8915E-01, -0.1687    ,  0.5856E-01,  0.3991E-01,  0.1122E-02, -0.4301    ,  0.2462    , -0.2347    , -0.3554    , -0.2067    ,  0.3366    , -0.3038    , -0.2395    , -0.1636    , -0.2128    ,  0.5503E-01,  0.1390    , -0.1406    , -0.9603E-01, -0.1701    ,  0.1721    , -0.9861E-01
  0.1789    , -0.2330    ,  0.3041    ,  0.1104E-01,  0.1237    , -0.1335    ,  0.3536    ,  0.3240E-01, -0.2013    ,  0.1058E-01,  0.7618E-01,  0.1748    , -0.7796E-01,  0.7702E-01, -0.2324    , -0.3510    , -0.3518    ,  0.2623    ,  0.1889    , -0.1884    ,  0.2571    ,  0.1167E-01, -0.6886E-02,  0.2564    
 -0.9531E-01, -0.2889E-03,  0.2937    ,  0.6997E-01,  0.1211    ,  0.1180    ,  0.2041    ,  0.1676    , -0.2924E-01, -0.1948E-01,  0.8807E-01,  0.7557E-01,  0.1368    , -0.1348    , -0.9261E-02, -0.2621    , -0.1013    ,  0.2538    , -0.3264    ,  0.3256    , -0.4444    ,  0.1407E-02, -0.2128E-02, -0.4430    
 -0.1528    ,  0.1034    ,  0.8955E-01, -0.1687    ,  0.5855E-01,  0.3994E-01, -0.1127E-02,  0.4277    ,  0.2505    , -0.2346    ,  0.3562    , -0.2055    ,  0.3366    , -0.3038    ,  0.2624    , -0.1234    ,  0.1559    ,  0.1550    ,  0.1390    , -0.1405    ,  0.1953    ,  0.1728E-02, -0.6018E-03,  0.1985    
  0.7224E-03,  0.2318    ,  0.4825E-03,  0.1113E-01,  0.1246    , -0.1345    ,  0.3016E-05,  0.7521E-03, -0.1516    ,  0.2323E-01,  0.7822E-04, -0.4587E-01,  0.1591    ,  0.1567    ,  0.9694E-02, -0.1207    ,  0.3298E-01, -0.1216    ,  0.3761    ,  0.3763    , -0.2602    ,  0.4412    ,  0.4418    ,  0.2567    
  0.4073    , -0.1743E-02,  0.2332    ,  0.6996E-01,  0.1211    ,  0.1180    , -0.4082    ,  0.2195    ,  0.1080E-02, -0.2079E-06, -0.2188    , -0.3756E-03,  0.5437E-04, -0.7487E-04,  0.4798    ,  0.3848E-01, -0.4841    , -0.1313    , -0.6750E-05,  0.3812E-05, -0.9313E-02, -0.5480E-02, -0.3534E-02,  0.6049E-02
  0.6308E-03,  0.2039    ,  0.4008E-03, -0.1687    ,  0.5874E-01,  0.3973E-01, -0.1169E-05,  0.2448E-02, -0.4949    ,  0.2342    ,  0.7193E-03, -0.4109    ,  0.3361    ,  0.3034    ,  0.2319E-01, -0.2885    ,  0.5741E-01, -0.2115    , -0.1407    , -0.1426    ,  0.1004    , -0.1702    , -0.1736    , -0.1009    
  0.1804    ,  0.2297    ,  0.3050    ,  0.1113E-01,  0.1246    , -0.1344    , -0.3535    , -0.3041E-01, -0.2016    , -0.1056E-01,  0.7681E-01, -0.1746    , -0.7806E-01, -0.7697E-01, -0.2854    ,  0.3095    ,  0.1711    ,  0.4040    , -0.1887    , -0.1888    ,  0.1347    ,  0.2192    ,  0.2195    , -0.1327    
  0.9530E-01,  0.2813E-03, -0.2937    ,  0.6998E-01,  0.1212    ,  0.1180    ,  0.2041    ,  0.1673    ,  0.3090E-01, -0.1949E-01, -0.8833E-01,  0.7526E-01, -0.1368    , -0.1348    ,  0.5086E-01, -0.2573    ,  0.4074E-01, -0.2702    , -0.3261    , -0.3262    ,  0.2139    ,  0.3894    ,  0.3862    , -0.2171    
 -0.1534    , -0.1027    ,  0.8914E-01, -0.1688    ,  0.5818E-01,  0.4033E-01,  0.1122E-02, -0.4301    ,  0.2462    ,  0.2347    ,  0.3554    ,  0.2067    ,  0.3367    ,  0.3037    ,  0.2395    ,  0.1637    , -0.2128    ,  0.5504E-01, -0.1389    , -0.1408    ,  0.9609E-01,  0.1700    ,  0.1722    , -0.9859E-01
 -0.1790    ,  0.2320    , -0.3040    ,  0.1114E-01,  0.1246    , -0.1345    ,  0.3535    ,  0.3240E-01, -0.2013    , -0.1058E-01, -0.7618E-01, -0.1748    , -0.7801E-01, -0.7703E-01,  0.2324    ,  0.3511    , -0.3517    ,  0.2622    , -0.1887    , -0.1886    , -0.2570    , -0.1178E-01, -0.6801E-02,  0.2565    
  0.9530E-01,  0.2828E-03, -0.2937    ,  0.6997E-01,  0.1212    ,  0.1180    ,  0.2041    ,  0.1676    , -0.2924E-01,  0.1948E-01, -0.8807E-01, -0.7558E-01,  0.1369    ,  0.1348    ,  0.9257E-02,  0.2621    , -0.1013    ,  0.2538    ,  0.3261    ,  0.3260    ,  0.4443    , -0.1210E-02, -0.2293E-02, -0.4431    
  0.1528    , -0.1034    , -0.8956E-01, -0.1688    ,  0.5820E-01,  0.4031E-01, -0.1127E-02,  0.4277    ,  0.2505    ,  0.2346    , -0.3562    ,  0.2054    ,  0.3367    ,  0.3037    , -0.2624    ,  0.1234    ,  0.1559    ,  0.1550    , -0.1389    , -0.1407    , -0.1953    , -0.1817E-02, -0.5306E-03,  0.1985    
 
 delta(i,j): 
 
   1.000    , -0.7286E-16, -0.2255E-15, -0.1284E-15,  0.2897E-15,  0.1258E-15, -0.5697E-16, -0.1804E-15,  0.2776E-16, -0.4788E-15,  0.8327E-16, -0.1388E-16, -0.9021E-16,  0.4857E-16,  0.1388E-15,  0.9368E-16,  0.1388E-15,  0.7633E-16,  0.1388E-15,  0.1735E-16,  0.2776E-16, -0.2694E-16,  0.1474E-15,  0.1700E-15
 -0.7286E-16,   1.000    , -0.8153E-16,  0.3608E-15,  0.9281E-16, -0.7026E-16, -0.2841E-16,  0.2776E-16, -0.9714E-16,  0.7286E-16,  0.2776E-16,  0.2359E-15,  0.6939E-16,  0.2776E-16, -0.4857E-16, -0.1926E-15, -0.9368E-16, -0.1492E-15, -0.4337E-16, -0.1700E-15,  0.4857E-16, -0.1750E-15, -0.9771E-17, -0.9368E-16
 -0.2255E-15, -0.8153E-16,   1.000    , -0.1821E-15,  0.1648E-16, -0.1475E-15, -0.8094E-16,  0.1249E-15,  0.2082E-16, -0.1735E-16, -0.1665E-15,  0.1318E-15,  0.1527E-15,  0.1735E-16,  0.2082E-16, -0.3105E-15, -0.5204E-16,  0.1162E-15, -0.8500E-16, -0.3469E-16, -0.5551E-16, -0.5890E-16,  0.1889E-15,  0.1249E-15
 -0.1284E-15,  0.3608E-15, -0.1821E-15,   1.000    ,  0.3018E-15,  0.7546E-16, -0.5521E-16, -0.2776E-16,  0.4857E-16, -0.3469E-16, -0.1388E-15, -0.4857E-16, -0.3053E-15, -0.2498E-15, -0.4163E-16, -0.6939E-16,  0.4163E-16, -0.2082E-16, -0.4857E-16, -0.1249E-15,  0.9714E-16,  0.1465E-15,  0.1061E-15, -0.6939E-16
  0.2897E-15,  0.9281E-16,  0.1648E-16,  0.3018E-15,   1.000    ,  0.1362E-15, -0.1315E-15, -0.3469E-17,  0.6939E-17, -0.7459E-16,  0.1388E-16,  0.2776E-15, -0.2776E-16,  0.1006E-15, -0.1284E-15, -0.2255E-15, -0.6765E-16,  0.2429E-16,  0.1128E-15,  0.1023E-15,  0.6592E-16, -0.7318E-18, -0.3443E-15, -0.1856E-15
  0.1258E-15, -0.7026E-16, -0.1475E-15,  0.7546E-16,  0.1362E-15,   1.000    , -0.9297E-16,  0.1110E-15, -0.1978E-15, -0.1527E-15,  0.1197E-15, -0.3816E-16,  0.2082E-16,  0.2082E-16, -0.5204E-16,  0.3209E-16, -0.1180E-15, -0.6852E-16,  0.2168E-16,  0.1509E-15, -0.6072E-16, -0.1835E-16,  0.2137E-15, -0.1128E-15
 -0.5697E-16, -0.2841E-16, -0.8094E-16, -0.5521E-16, -0.1315E-15, -0.9297E-16,   1.000    ,  0.1271E-15,  0.9975E-17,  0.3067E-15, -0.1321E-15, -0.8847E-16, -0.4299E-16, -0.3430E-15,  0.1426E-15, -0.1599E-16,  0.1246E-15, -0.1769E-15, -0.1190E-15,  0.1839E-15,  0.2559E-16,  0.7109E-16, -0.2400E-15, -0.5313E-17
 -0.1804E-15,  0.2776E-16,  0.1249E-15, -0.2776E-16, -0.3469E-17,  0.1110E-15,  0.1271E-15,   1.000    , -0.3469E-15, -0.1110E-15, -0.2498E-15, -0.6939E-16,  0.2776E-16, -0.3331E-15,  0.2776E-15,  0.9714E-16, -0.4163E-15, -0.3747E-15,  0.2776E-16, -0.2082E-15,  0.3469E-15, -0.3394E-16,  0.1953E-15, -0.1665E-15
  0.2776E-16, -0.9714E-16,  0.2082E-16,  0.4857E-16,  0.6939E-17, -0.1978E-15,  0.9975E-17, -0.3469E-15,   1.000    , -0.1388E-16, -0.1388E-15,  0.6106E-15, -0.2359E-15, -0.3469E-15, -0.8327E-16,  0.4510E-16, -0.9714E-16, -0.1180E-15,  0.1388E-16,  0.1804E-15,  0.2151E-15,  0.2611E-15, -0.1935E-16,  0.1110E-15
 -0.4788E-15,  0.7286E-16, -0.1735E-16, -0.3469E-16, -0.7459E-16, -0.1527E-15,  0.3067E-15, -0.1110E-15, -0.1388E-16,   1.000    ,  0.4580E-15, -0.4233E-15,  0.4163E-15, -0.6939E-16,  0.1249E-15, -0.2637E-15,  0.2220E-15, -0.7633E-16,  0.6245E-16, -0.1041E-15, -0.3469E-16, -0.4863E-16, -0.2206E-16, -0.2637E-15
  0.8327E-16,  0.2776E-16, -0.1665E-15, -0.1388E-15,  0.1388E-16,  0.1197E-15, -0.1321E-15, -0.2498E-15, -0.1388E-15,  0.4580E-15,   1.000    ,  0.4163E-16,  0.2498E-15, -0.1665E-15,  0.2498E-15, -0.9714E-16, -0.2498E-15, -0.3469E-15,  0.2359E-15,  0.3469E-16,  0.1665E-15, -0.1425E-15, -0.9888E-16,  0.2776E-15
 -0.1388E-16,  0.2359E-15,  0.1318E-15, -0.4857E-16,  0.2776E-15, -0.3816E-16, -0.8847E-16, -0.6939E-16,  0.6106E-15, -0.4233E-15,  0.4163E-16,   1.000    , -0.1110E-15, -0.3747E-15,   0.000    ,  0.2533E-15,  0.1735E-15,  0.1943E-15,  0.2082E-16,  0.1561E-15, -0.1457E-15,  0.5378E-16,  0.3127E-15, -0.1457E-15
 -0.9021E-16,  0.6939E-16,  0.1527E-15, -0.3053E-15, -0.2776E-16,  0.2082E-16, -0.4299E-16,  0.2776E-16, -0.2359E-15,  0.4163E-15,  0.2498E-15, -0.1110E-15,   1.000    , -0.6939E-16, -0.2220E-15, -0.1318E-15,  0.2914E-15,  0.2776E-15, -0.2012E-15, -0.4857E-16, -0.2776E-16, -0.8023E-16, -0.3286E-15, -0.2082E-15
  0.4857E-16,  0.2776E-16,  0.1735E-16, -0.2498E-15,  0.1006E-15,  0.2082E-16, -0.3430E-15, -0.3331E-15, -0.3469E-15, -0.6939E-16, -0.1665E-15, -0.3747E-15, -0.6939E-16,   1.000    , -0.2776E-16,  0.9021E-16,  0.3955E-15,  0.2359E-15, -0.5551E-16, -0.3608E-15,  0.7633E-16, -0.7958E-16,  0.1533E-15, -0.4163E-16
  0.1388E-15, -0.4857E-16,  0.2082E-16, -0.4163E-16, -0.1284E-15, -0.5204E-16,  0.1426E-15,  0.2776E-15, -0.8327E-16,  0.1249E-15,  0.2498E-15,   0.000    , -0.2220E-15, -0.2776E-16,   1.000    ,  0.1388E-16,  0.3053E-15,  0.2706E-15,  0.9021E-16,  0.4163E-16, -0.1041E-15, -0.7232E-16, -0.6736E-16, -0.1665E-15
  0.9368E-16, -0.1926E-15, -0.3105E-15, -0.6939E-16, -0.2255E-15,  0.3209E-16, -0.1599E-16,  0.9714E-16,  0.4510E-16, -0.2637E-15, -0.9714E-16,  0.2533E-15, -0.1318E-15,  0.9021E-16,  0.1388E-16,   1.000    , -0.2186E-15,  0.1318E-15,  0.1804E-15,  0.4857E-16,  0.4580E-15, -0.6996E-16,  0.9189E-17,  0.1145E-15
  0.1388E-15, -0.9368E-16, -0.5204E-16,  0.4163E-16, -0.6765E-16, -0.1180E-15,  0.1246E-15, -0.4163E-15, -0.9714E-16,  0.2220E-15, -0.2498E-15,  0.1735E-15,  0.2914E-15,  0.3955E-15,  0.3053E-15, -0.2186E-15,   1.000    , -0.4510E-16, -0.2047E-15,  0.1006E-15,  0.6939E-16,  0.7091E-16, -0.2434E-16,  0.9714E-16
  0.7633E-16, -0.1492E-15,  0.1162E-15, -0.2082E-16,  0.2429E-16, -0.6852E-16, -0.1769E-15, -0.3747E-15, -0.1180E-15, -0.7633E-16, -0.3469E-15,  0.1943E-15,  0.2776E-15,  0.2359E-15,  0.2706E-15,  0.1318E-15, -0.4510E-16,   1.000    ,  0.2741E-15,  0.1318E-15,  0.1561E-15,  0.2396E-16,  0.1505E-15, -0.1769E-15
  0.1388E-15, -0.4337E-16, -0.8500E-16, -0.4857E-16,  0.1128E-15,  0.2168E-16, -0.1190E-15,  0.2776E-16,  0.1388E-16,  0.6245E-16,  0.2359E-15,  0.2082E-16, -0.2012E-15, -0.5551E-16,  0.9021E-16,  0.1804E-15, -0.2047E-15,  0.2741E-15,   1.000    ,  0.8500E-15,  0.9888E-15, -0.9980E-16,  0.1477E-17,  0.3678E-15
  0.1735E-16, -0.1700E-15, -0.3469E-16, -0.1249E-15,  0.1023E-15,  0.1509E-15,  0.1839E-15, -0.2082E-15,  0.1804E-15, -0.1041E-15,  0.3469E-16,  0.1561E-15, -0.4857E-16, -0.3608E-15,  0.4163E-16,  0.4857E-16,  0.1006E-15,  0.1318E-15,  0.8500E-15,   1.000    ,  0.8049E-15,  0.3415E-16, -0.2972E-15, -0.3088E-15
  0.2776E-16,  0.4857E-16, -0.5551E-16,  0.9714E-16,  0.6592E-16, -0.6072E-16,  0.2559E-16,  0.3469E-15,  0.2151E-15, -0.3469E-16,  0.1665E-15, -0.1457E-15, -0.2776E-16,  0.7633E-16, -0.1041E-15,  0.4580E-15,  0.6939E-16,  0.1561E-15,  0.9888E-15,  0.8049E-15,   1.000    , -0.2379E-15, -0.1116E-15, -0.5135E-15
 -0.2694E-16, -0.1750E-15, -0.5890E-16,  0.1465E-15, -0.7318E-18, -0.1835E-16,  0.7109E-16, -0.3394E-16,  0.2611E-15, -0.4863E-16, -0.1425E-15,  0.5378E-16, -0.8023E-16, -0.7958E-16, -0.7232E-16, -0.6996E-16,  0.7091E-16,  0.2396E-16, -0.9980E-16,  0.3415E-16, -0.2379E-15,   1.000    , -0.7388E-15, -0.2651E-16
  0.1474E-15, -0.9771E-17,  0.1889E-15,  0.1061E-15, -0.3443E-15,  0.2137E-15, -0.2400E-15,  0.1953E-15, -0.1935E-16, -0.2206E-16, -0.9888E-16,  0.3127E-15, -0.3286E-15,  0.1533E-15, -0.6736E-16,  0.9189E-17, -0.2434E-16,  0.1505E-15,  0.1477E-17, -0.2972E-15, -0.1116E-15, -0.7388E-15,   1.000    ,  0.1408E-16
  0.1700E-15, -0.9368E-16,  0.1249E-15, -0.6939E-16, -0.1856E-15, -0.1128E-15, -0.5313E-17, -0.1665E-15,  0.1110E-15, -0.2637E-15,  0.2776E-15, -0.1457E-15, -0.2082E-15, -0.4163E-16, -0.1665E-15,  0.1145E-15,  0.9714E-16, -0.1769E-15,  0.3678E-15, -0.3088E-15, -0.5135E-15, -0.2651E-16,  0.1408E-16,   1.000    
 
 rxyz0: 
 
 -0.2571E-04,  0.2571E-04,  -1.920    ,  0.9602    ,  0.9602    ,   1.920    , -0.9602    , -0.9602    
   0.000    ,   0.000    ,   0.000    ,   1.663    ,  -1.663    ,   0.000    ,  -1.663    ,   1.663    
   1.428    ,  -1.428    ,   2.174    ,   2.174    ,   2.174    ,  -2.174    ,  -2.174    ,  -2.174    
 
 sigma2 from ev, modifier = 1
 sigma^2=    5.68781633420811        1.82572908598155     
   1.78191384133723        1.48284848546256        1.23243046945499     
   1.23231949641490        3.20357324404177        3.76006386257637     
   3.68641770421193        2.55509880935556        2.52919431263476     
   2.28701071670171        1.11446992393752        1.07493696472621     
   1.03623880067803        1.04487065703620        1.03790111728434     
   5.35409758572892     
 e0 theory =   7.247224476490839E-002
 Input etot:   -5.69922746240000     
Step     1 of  1000--------------------------------
 number of walkers =          199
 et =   -5.67833347607353     
 e0 =   -5.67949240372357     
Step     2 of  1000--------------------------------
 number of walkers =          188
 et =   -5.66654665665587     
 e0 =   -5.66826139574988     
Step     3 of  1000--------------------------------
 number of walkers =          174
 et =   -5.65904703512227     
 e0 =   -5.66100303499680     
Step     4 of  1000--------------------------------
 number of walkers =          156
 et =   -5.65655946514663     
 e0 =   -5.65853409921290     
Step     5 of  1000--------------------------------
 number of walkers =          147
 et =   -5.64885956512346     
 e0 =   -5.65115713070035     
Step     6 of  1000--------------------------------
 number of walkers =          139
 et =   -5.64244769811196     
 e0 =   -5.64489405534572     
Step     7 of  1000--------------------------------
 number of walkers =          141
 et =   -5.64230428392226     
 e0 =   -5.64458907468037     
Step     8 of  1000--------------------------------
 number of walkers =          137
 et =   -5.63964135590520     
 e0 =   -5.64197412280632     
Step     9 of  1000--------------------------------
 number of walkers =          140
 et =   -5.63894175976285     
 e0 =   -5.64113542703749     
Step    10 of  1000--------------------------------
 number of walkers =          138
 et =   -5.63587981500815     
 e0 =   -5.63808268473422     
Step    11 of  1000--------------------------------
 number of walkers =          139
 et =   -5.63340260516172     
 e0 =   -5.63557167280980     
Step    12 of  1000--------------------------------
 number of walkers =          141
 et =   -5.63127394834888     
 e0 =   -5.63338318503031     
Step    13 of  1000--------------------------------
 number of walkers =          135
 et =   -5.62833224457300     
 e0 =   -5.63049817168130     
Step    14 of  1000--------------------------------
 number of walkers =          143
 et =   -5.63316313212168     
 e0 =   -5.63496514331834     
Step    15 of  1000--------------------------------
 number of walkers =          143
 et =   -5.62780997501584     
 e0 =   -5.62980149194487     
Step    16 of  1000--------------------------------
 number of walkers =          141
 et =   -5.62218908805760     
 e0 =   -5.62452362879492     
Step    17 of  1000--------------------------------
 number of walkers =          137
 et =   -5.62227481106963     
 e0 =   -5.62451251451821     
Step    18 of  1000--------------------------------
 number of walkers =          139
 et =   -5.62174919822684     
 e0 =   -5.62385474284760     
Step    19 of  1000--------------------------------
 number of walkers =          137
 et =   -5.61767661635715     
 e0 =   -5.61987018581863     
Step    20 of  1000--------------------------------
 number of walkers =          145
 et =   -5.61941485171735     
 e0 =   -5.62138750073436     
Step    21 of  1000--------------------------------
 number of walkers =          149
 et =   -5.62502794093235     
 e0 =   -5.62667639550962     
Step    22 of  1000--------------------------------
 number of walkers =          146
 et =   -5.62682109730218     
 e0 =   -5.62831918180985     
Step    23 of  1000--------------------------------
 number of walkers =          151
 et =   -5.62150045047378     
 e0 =   -5.62317111771829     
Step    24 of  1000--------------------------------
 number of walkers =          150
 et =   -5.61985436965604     
 e0 =   -5.62161831260295     
Step    25 of  1000--------------------------------
 number of walkers =          151
 et =   -5.62501851047521     
 e0 =   -5.62642636481271     
Step    26 of  1000--------------------------------
 number of walkers =          151
 et =   -5.62489833096557     
 e0 =   -5.62632192762930     
Step    27 of  1000--------------------------------
 number of walkers =          150
 et =   -5.62604183588453     
 e0 =   -5.62743722244703     
Step    28 of  1000--------------------------------
 number of walkers =          145
 et =   -5.62276310927695     
 e0 =   -5.62426807714634     
Step    29 of  1000--------------------------------
 number of walkers =          153
 et =   -5.61940518480206     
 e0 =   -5.62100200889620     
Step    30 of  1000--------------------------------
 number of walkers =          147
 et =   -5.61893514471874     
 e0 =   -5.62047416096699     
Step    31 of  1000--------------------------------
 number of walkers =          147
 et =   -5.61279067706193     
 e0 =   -5.61457785580659     
Step    32 of  1000--------------------------------
 number of walkers =          151
 et =   -5.61774125014511     
 e0 =   -5.61912168419831     
Step    33 of  1000--------------------------------
 number of walkers =          151
 et =   -5.62277955105781     
 e0 =   -5.62382000573989     
Step    34 of  1000--------------------------------
 number of walkers =          157
 et =   -5.62607036901629     
 e0 =   -5.62689091949790     
Step    35 of  1000--------------------------------
 number of walkers =          160
 et =   -5.62291424507796     
 e0 =   -5.62396044039389     
Step    36 of  1000--------------------------------
 number of walkers =          154
 et =   -5.61821911610569     
 e0 =   -5.61943458472096     
Step    37 of  1000--------------------------------
 number of walkers =          161
 et =   -5.61888180499581     
 e0 =   -5.62007827486321     
Step    38 of  1000--------------------------------
 number of walkers =          157
 et =   -5.61934649370667     
 e0 =   -5.62049153818041     
Step    39 of  1000--------------------------------
 number of walkers =          155
 et =   -5.62264081289578     
 e0 =   -5.62363729298152     
Step    40 of  1000--------------------------------
 number of walkers =          150
 et =   -5.62063415132788     
 e0 =   -5.62171692012384     
Step    41 of  1000--------------------------------
 number of walkers =          155
 et =   -5.61849721520733     
 e0 =   -5.61979694804965     
Step    42 of  1000--------------------------------
 number of walkers =          152
 et =   -5.62036572808964     
 e0 =   -5.62167355846073     
Step    43 of  1000--------------------------------
 number of walkers =          152
 et =   -5.61057834642604     
 e0 =   -5.61230173726879     
Step    44 of  1000--------------------------------
 number of walkers =          150
 et =   -5.61379191531134     
 e0 =   -5.61519424501071     
Step    45 of  1000--------------------------------
 number of walkers =          152
 et =   -5.61794723996627     
 e0 =   -5.61911810802804     
Step    46 of  1000--------------------------------
 number of walkers =          156
 et =   -5.61558660875318     
 e0 =   -5.61688326023418     
Step    47 of  1000--------------------------------
 number of walkers =          156
 et =   -5.61501526484549     
 e0 =   -5.61638074774363     
Step    48 of  1000--------------------------------
 number of walkers =          159
 et =   -5.61570922698203     
 e0 =   -5.61707157012642     
Step    49 of  1000--------------------------------
 number of walkers =          151
 et =   -5.61536473289142     
 e0 =   -5.61668196601198     
Step    50 of  1000--------------------------------
 number of walkers =          154
 et =   -5.61333049856071     
 e0 =   -5.61471474188240     
Step    51 of  1000--------------------------------
 number of walkers =          159
 et =   -5.62291466260839     
 e0 =   -5.62380114909593     
Step    52 of  1000--------------------------------
 number of walkers =          159
 et =   -5.62423102680095     
 e0 =   -5.62504544416162     
Step    53 of  1000--------------------------------
 number of walkers =          159
 et =   -5.62478815772646     
 e0 =   -5.62561910599730     
Step    54 of  1000--------------------------------
 number of walkers =          157
 et =   -5.62425984232136     
 e0 =   -5.62514471302176     
Step    55 of  1000--------------------------------
 number of walkers =          159
 et =   -5.62004942762203     
 e0 =   -5.62116849637423     
Step    56 of  1000--------------------------------
 number of walkers =          159
 et =   -5.62076296528539     
 e0 =   -5.62178743695750     
Step    57 of  1000--------------------------------
 number of walkers =          154
 et =   -5.61957735915514     
 e0 =   -5.62072385190133     
Step    58 of  1000--------------------------------
 number of walkers =          164
 et =   -5.62101400487339     
 e0 =   -5.62196446480401     
Step    59 of  1000--------------------------------
 number of walkers =          157
 et =   -5.62368948844815     
 e0 =   -5.62447998919556     
Step    60 of  1000--------------------------------
 number of walkers =          155
 et =   -5.61976312814488     
 e0 =   -5.62079698760818     
Step    61 of  1000--------------------------------
 number of walkers =          156
 et =   -5.61435901034623     
 e0 =   -5.61564916512736     
Step    62 of  1000--------------------------------
 number of walkers =          156
 et =   -5.61386558586405     
 e0 =   -5.61515517793084     
Step    63 of  1000--------------------------------
 number of walkers =          154
 et =   -5.61593604870436     
 e0 =   -5.61713619220160     
Step    64 of  1000--------------------------------
 number of walkers =          157
 et =   -5.61257508826044     
 e0 =   -5.61393575466432     
Step    65 of  1000--------------------------------
 number of walkers =          158
 et =   -5.61683419584885     
 e0 =   -5.61785255965172     
Step    66 of  1000--------------------------------
 number of walkers =          159
 et =   -5.61922928536886     
 e0 =   -5.62013471874472     
Step    67 of  1000--------------------------------
 number of walkers =          156
 et =   -5.61207692981959     
 e0 =   -5.61332854368731     
Step    68 of  1000--------------------------------
 number of walkers =          157
 et =   -5.60899458519586     
 e0 =   -5.61033674911454     
Step    69 of  1000--------------------------------
 number of walkers =          163
 et =   -5.61856758978631     
 e0 =   -5.61938566694902     
Step    70 of  1000--------------------------------
 number of walkers =          159
 et =   -5.61352451467932     
 e0 =   -5.61456842747468     
Step    71 of  1000--------------------------------
 number of walkers =          166
 et =   -5.61831068256353     
 e0 =   -5.61902244991518     
Step    72 of  1000--------------------------------
 number of walkers =          164
 et =   -5.61723076548209     
 e0 =   -5.61799034726986     
Step    73 of  1000--------------------------------
 number of walkers =          165
 et =   -5.61839161889998     
 e0 =   -5.61913674233711     
Step    74 of  1000--------------------------------
 number of walkers =          162
 et =   -5.61752781462965     
 e0 =   -5.61830055900324     
Step    75 of  1000--------------------------------
 number of walkers =          163
 et =   -5.61268233891533     
 e0 =   -5.61362052912380     
Step    76 of  1000--------------------------------
 number of walkers =          159
 et =   -5.61039302987647     
 e0 =   -5.61148881231056     
Step    77 of  1000--------------------------------
 number of walkers =          164
 et =   -5.61088715658761     
 e0 =   -5.61195040011690     
Step    78 of  1000--------------------------------
 number of walkers =          165
 et =   -5.61518264246608     
 e0 =   -5.61604371809698     
Step    79 of  1000--------------------------------
 number of walkers =          157
 et =   -5.61062987429009     
 e0 =   -5.61175397457348     
Step    80 of  1000--------------------------------
 number of walkers =          156
 et =   -5.60864689699551     
 e0 =   -5.60969127965398     
Step    81 of  1000--------------------------------
 number of walkers =          165
 et =   -5.61609380202696     
 e0 =   -5.61670451189925     
Step    82 of  1000--------------------------------
 number of walkers =          165
 et =   -5.61294796829933     
 e0 =   -5.61372704965417     
Step    83 of  1000--------------------------------
 number of walkers =          170
 et =   -5.61672408588352     
 e0 =   -5.61734412766873     
Step    84 of  1000--------------------------------
 number of walkers =          166
 et =   -5.61433360516078     
 e0 =   -5.61499653675352     
Step    85 of  1000--------------------------------
 number of walkers =          169
 et =   -5.61571221854940     
 e0 =   -5.61622380612782     
Step    86 of  1000--------------------------------
 number of walkers =          168
 et =   -5.61752939179205     
 e0 =   -5.61803986617608     
Step    87 of  1000--------------------------------
 number of walkers =          170
 et =   -5.62190982801989     
 e0 =   -5.62223129216738     
Step    88 of  1000--------------------------------
 number of walkers =          159
 et =   -5.61590441707074     
 e0 =   -5.61649751003509     
Step    89 of  1000--------------------------------
 number of walkers =          164
 et =   -5.61738198241587     
 e0 =   -5.61796971568872     
Step    90 of  1000--------------------------------
 number of walkers =          166
 et =   -5.62040942842456     
 e0 =   -5.62093041428948     
Step    91 of  1000--------------------------------
 number of walkers =          172
 et =   -5.62056915780336     
 e0 =   -5.62101857594497     
Step    92 of  1000--------------------------------
 number of walkers =          164
 et =   -5.62367820774408     
 e0 =   -5.62399415099385     
Step    93 of  1000--------------------------------
 number of walkers =          166
 et =   -5.62260290791861     
 e0 =   -5.62302357206013     
Step    94 of  1000--------------------------------
 number of walkers =          158
 et =   -5.62015779406517     
 e0 =   -5.62081785009758     
Step    95 of  1000--------------------------------
 number of walkers =          161
 et =   -5.61870802353575     
 e0 =   -5.61942619229586     
Step    96 of  1000--------------------------------
 number of walkers =          161
 et =   -5.61399869678220     
 e0 =   -5.61508019114299     
Step    97 of  1000--------------------------------
 number of walkers =          162
 et =   -5.61720407796067     
 e0 =   -5.61813995172993     
Step    98 of  1000--------------------------------
 number of walkers =          158
 et =   -5.61665850308211     
 e0 =   -5.61764435401280     
Step    99 of  1000--------------------------------
 number of walkers =          160
 et =   -5.62016542814715     
 e0 =   -5.62095058691989     
Step   100 of  1000--------------------------------
 number of walkers =          163
 et =   -5.61963542249320     
 e0 =   -5.62048120980541     
Step   101 of  1000--------------------------------
 number of walkers =          162
 et =   -5.62010951015442     
 e0 =   -5.62095144035181     
Step   102 of  1000--------------------------------
 number of walkers =          162
 et =   -5.62167243733203     
 e0 =   -5.62243923945418     
Step   103 of  1000--------------------------------
 number of walkers =          166
 et =   -5.61983546458423     
 e0 =   -5.62064663031278     
Step   104 of  1000--------------------------------
 number of walkers =          167
 et =   -5.61748541309980     
 e0 =   -5.61837168880494     
Step   105 of  1000--------------------------------
 number of walkers =          165
 et =   -5.61677850186859     
 e0 =   -5.61777895201686     
Step   106 of  1000--------------------------------
 number of walkers =          165
 et =   -5.61857747142466     
 e0 =   -5.61950002547178     
Step   107 of  1000--------------------------------
 number of walkers =          169
 et =   -5.62104449751890     
 e0 =   -5.62188026242549     
Step   108 of  1000--------------------------------
 number of walkers =          167
 et =   -5.62299546180706     
 e0 =   -5.62371618223660     
Step   109 of  1000--------------------------------
 number of walkers =          160
 et =   -5.62268118268583     
 e0 =   -5.62338010674995     
